index,A,B,C,D,E
1476,0.013480230505569958,0.3174725485714755,0.5848517457555109,0.08320101157902786,0.000994463588415617
781,0.0011931681156116445,0.03271540971012735,0.16748554193419846,0.704132477115699,0.09447340312436345
2374,0.0003061112335736128,0.019013907363345545,0.24476722198151335,0.7077610384695747,0.028151720951992844
270,0.21571956454789287,0.7339184607367671,0.04947152672793548,0.0008894524149388747,9.95572465477418e-07
9,0.014136690032529816,0.35464477913386006,0.5379989199389091,0.09283631205847793,0.0003832988362229148
2535,1.9446673141857857e-06,0.0003548877025979322,0.029083895186208162,0.6801013447323616,0.2904579277115181
424,0.7969777668294752,0.1903514239792029,0.007130057330995294,0.005528900687967101,1.1851172359567823e-05
1110,0.1751095390357,0.751016895840015,0.07224038531510421,0.0016304281361648565,2.751673016025784e-06
2515,0.16479076404336476,0.74822888028367,0.0845404379682251,0.002434301123399899,5.616581340467717e-06
2274,0.6549599761383815,0.33050843710334665,0.014404430850539817,0.00012696254891744136,1.9335881435087166e-07
2398,0.8953111403407805,0.09520955688136819,0.007046082222129555,0.0024293892257026837,3.83133001910753e-06
406,2.4095755903175293e-06,0.0012468523526062653,0.08395939998829748,0.7437969694773554,0.17099436860615058
606,0.0004798671231528703,0.023893881925916495,0.12366252512768124,0.8284753752145668,0.023488350608682602
2613,1.2413787472150953e-06,0.0010110484589695456,0.05466759395092313,0.6650858717103,0.2792342445010601
705,2.962258797944935e-05,0.00209118401451387,0.07316769931760635,0.7434098946711046,0.18130159940879573
1087,0.003840247306647542,0.12111066388706318,0.6656700616601802,0.20549417497110403,0.0038848521750050025
614,4.364002929107953e-09,2.6827091146223533e-07,8.506365055271666e-06,0.003149708046207024,0.9968415129538233
1324,0.0005228631528756736,0.029453391106623615,0.16241362379136914,0.7206080675754855,0.08700205437364615
1431,7.645000111772355e-05,0.01869299308698191,0.2468671646856155,0.6907693092724,0.043594082953884936
863,0.3222204321560017,0.6439274713165387,0.03355945941006021,0.0002920761714339721,5.609459654561105e-07
122,9.17342604598013e-05,0.012444356070320201,0.4634544705863616,0.479264390910536,0.044745048172322374
1033,0.0009760036108945523,0.05107418270105911,0.3652042915410488,0.5562578935603504,0.02648762858664713
1968,1.7091859341211837e-08,2.2911902308246142e-06,0.000234925647667033,0.05700679084070509,0.9427559752295377
2443,0.23260996495164107,0.6894980673289073,0.07647010017200401,0.0014153884528442676,6.479094603321573e-06
1765,0.5836353466766971,0.41270636543335004,0.0036504049323041747,7.881319778254337e-06,1.6378703959497668e-09
1308,2.962746511270676e-06,0.0003307424177495891,0.015208154170256751,0.6681181449616339,0.3163399957038485
2018,2.5132848856344974e-07,0.00013837263409369557,0.016208157328858885,0.4504947239721995,0.5331584947363593
2323,6.854578025132172e-05,0.05936136896413343,0.536786843808884,0.39275497831316625,0.011028263133565043
467,0.002213979634182274,0.15872211093051944,0.6812616126834808,0.1551525706150105,0.002649726136806922
140,3.8143922454760914e-06,0.0005629819133269179,0.033713289131861716,0.7263989782511393,0.23932093631142673
2098,0.2101793926671747,0.7385365030436967,0.050430107154220444,0.0008530865750080644,9.10559899926754e-07
28,0.01709172658417513,0.44566104664752354,0.4623595722694604,0.07462608366268544,0.00026157083615566357
242,1.7046473286251108e-05,0.0018948731097778056,0.03466639423537295,0.5659370743386143,0.3974846118429487
2786,2.7870243643764346e-06,0.0008777564325758241,0.04469482534111399,0.7038904962276931,0.25053413497425275
1794,0.017982337508412185,0.4379413068913154,0.48000940926775665,0.06386809933594811,0.00019884699656755073
1273,2.3875330850266613e-06,0.002138795130211893,0.10068665676501562,0.602597269153664,0.2945748914180235
856,9.734545610825036e-06,0.0017526475613515926,0.048145704546221794,0.8014761021392888,0.14861581120752695
1926,8.349384674213823e-07,0.00016169449233595183,0.01651265310387667,0.5789964762865337,0.4043283411787862
2346,1.7808256588157544e-05,0.018195016805904917,0.3685569305254849,0.56250456423852,0.050725680173502125
2834,5.0183626346263166e-08,6.469023845761514e-05,0.000862330965720481,0.042385336293300345,0.9566875923188951
2472,0.00030222317966818203,0.04384119948279119,0.19627228555078896,0.7092384682875402,0.05034582349921145
1199,0.8965141303530255,0.09977201506441145,0.003704895277208596,8.958351407444816e-06,9.539469943271266e-10
587,0.00016769790010399721,0.014986352842197135,0.194302692547071,0.7502851731116382,0.040258083598989594
1448,8.459815489781636e-06,0.0019469702702804162,0.05964416676809042,0.7875909701742047,0.15080943297193472
2446,0.975087523911031,0.024873285573786864,3.786365567575823e-05,1.3267290260167318e-06,1.3048050142269968e-10
2879,2.9306369656384086e-11,2.2045446824764386e-09,2.9532158550500883e-07,0.0011302185865891099,0.9988694838579744
1567,4.8946259344129534e-05,0.028891073419585623,0.38048168927850146,0.56958275719139,0.02099553385117884
1234,1.4482987609604338e-05,0.0027982280360802237,0.06689091782457449,0.7911363195768376,0.13916005157489802
1685,0.8891211055629926,0.08897995745436658,0.020448481561972234,0.0014493751550989915,1.0802655697381593e-06
1896,0.0004782436874917564,0.06850036700126745,0.4028246533741508,0.5195769278884327,0.008619808048657375
1778,0.12510145064131933,0.747004675396533,0.12342952513715447,0.004448732926587313,1.561589840575174e-05
2038,1.6761703635009958e-07,6.240827219459826e-05,0.0010229091197430352,0.0905804075933147,0.9083341073977113
2670,5.344348438518862e-10,7.868574217228484e-08,1.0636383122524214e-05,0.011078766388934486,0.988910518007766
1350,1.4318666178745534e-06,0.00013545387466286149,0.019276517708619493,0.5019982998641904,0.4785882966859094
1440,0.038393470897643014,0.6154657028441107,0.3208033619759942,0.025305679722899887,3.178455935231189e-05
2369,8.812299938931468e-06,0.008342869803991824,0.2705173485482499,0.601944897006917,0.11918607234090241
161,2.551215383641719e-06,0.0018081793829034865,0.09870131510064173,0.748499859152863,0.15098809514820813
24,6.897924602220812e-06,0.001604576891190941,0.05200550294476956,0.7753330922544486,0.17104992998498872
1548,7.257861629511042e-09,2.4643893101766195e-06,0.0005588327007337356,0.1575957906959386,0.8418429049561559
2636,7.687953876089609e-08,9.239028855308844e-06,0.0006987579583994354,0.05608220496861254,0.9432097211645939
1236,0.0001422071584102763,0.01984757457094389,0.1767702597742948,0.753500972216906,0.049738986279444834
1583,0.38065737757229656,0.49871398463452543,0.11614392328383621,0.00441837973981033,6.633476953146328e-05
2291,6.149553123984157e-06,0.005428244559914384,0.2505391271230971,0.6365786504419846,0.10744782832187993
2132,0.03602606193072178,0.588920377487515,0.346590193214121,0.028423324036221824,4.004333142046798e-05
746,1.0415398014801997e-07,3.399762293515259e-05,0.0010533009226032716,0.31527225442116835,0.6836403428793132
1090,0.06167206472046902,0.6241304417218312,0.30145472984986843,0.01270840010236364,3.436360546789777e-05
2511,0.005728934367248029,0.18280118617265742,0.639093939813226,0.16770775907635355,0.004668180570514927
1174,0.001990602544975451,0.14944576397490653,0.6828283278004724,0.16311896775821022,0.0026163379214352613
502,0.09602622666473075,0.7037439160328998,0.19388633171974823,0.006335516807484386,8.00877513705214e-06
1801,0.032657174679576934,0.6843221100081336,0.26869160533183256,0.014287567785353976,4.154219510297424e-05
375,0.0012623278674153767,0.22837246192279068,0.5883986100969277,0.18131560575820205,0.0006509943546641457
709,3.7076609385395783e-10,7.429331375502972e-08,7.146211941831781e-06,0.006759471039546915,0.9932333080844313
323,0.04648682383144173,0.23200243662068332,0.4529279628831293,0.26638623743835993,0.0021965392263856827
2295,0.0002646101247952512,0.036207513918240807,0.3108848057792217,0.6024385281078193,0.05020454206992288
2454,0.23912709856597758,0.7044625253456804,0.05605030707294795,0.0003596313157312679,4.3769966259687627e-07
1631,0.016446271445057035,0.29167198846854964,0.504051080987365,0.1699769879040065,0.01785367119502185
632,0.0002887122168444673,0.06147119714051558,0.37052848364294627,0.5447103151904236,0.023001291809269984
1607,0.00046807437507818245,0.15448796636729611,0.5566787870842045,0.2788408421167815,0.009524330056639748
1612,0.0003548111706163494,0.09550340853874506,0.5498670821909086,0.3475589441375709,0.006715753962159098
529,0.08896304126733111,0.6931469358573179,0.21183059675119215,0.0060501494221188975,9.276702039915544e-06
592,0.08055279757175103,0.7570807251974022,0.15539840690409296,0.006844855612418371,0.00012321471433543655
1423,0.0035065445750483253,0.14168036067041623,0.655425232392919,0.1925270015701672,0.006860860791449105
2099,0.5160246879564602,0.4812523369083014,0.002716610705699677,6.36416512608584e-06,2.644126598752597e-10
1863,5.81518127656459e-06,0.004534047712808243,0.19216159951431866,0.6875002356683908,0.11579830192320577
144,6.904379275376032e-06,0.0009011666624040268,0.042911457133434104,0.7687072361698215,0.187473235655065
589,0.06780498127194554,0.8804231081528797,0.05110998370691815,0.000661685000122421,2.418681340903427e-07
673,0.00012767314554222294,0.03576513904519928,0.39256595645650155,0.558682770524926,0.012858460827830893
2353,0.15433460029717574,0.7420182391370511,0.10228521042635355,0.0013611365906631523,8.135487564120896e-07
789,1.1973368601323523e-06,0.00021656923755914296,0.019472387806345734,0.6162121794058463,0.36409766621338885
2164,0.004245370907330449,0.2869805975447605,0.5955915089082457,0.11281256876334562,0.0003699538763176888
531,0.049858242464010126,0.6775337254045142,0.25717803745016915,0.01541743682447859,1.2557856828015323e-05
1879,7.082419648182855e-07,1.542474403385903e-05,0.0007140898050342456,0.07230940729017019,0.9269603699187968
2724,0.0001400348702121248,0.010989390037244789,0.13253826462766846,0.8081307654179557,0.048201545046918995
2812,0.01781347510766748,0.43439630769878435,0.48165271191070247,0.06592556466828277,0.00021194061456288068
484,0.5612882523063184,0.38056408028843625,0.05722012052340353,0.0009088259370966109,1.872094474521039e-05
2420,0.04962344409258323,0.590205768379355,0.3387553251660821,0.021390778741216004,2.4683620763729805e-05
157,6.381153839407894e-06,0.0030334323491087336,0.14542238548907777,0.655992984489738,0.19554481651823613
1453,0.28637195540306165,0.6882337823045094,0.02511639122869626,0.00027773079069770746,1.4027303503103362e-07
1315,0.00024425120221118043,0.0018866232866339824,0.0834660727790269,0.8225126735495976,0.0918903791825302
1224,2.4223666873115974e-06,0.0015551474694139027,0.10223476370112929,0.6694776402701883,0.22673002619258126
1141,0.008562330624109273,0.43401597640869943,0.5043632354470907,0.053009206540638294,4.925097946224375e-05
591,0.2858329161965498,0.5660800306646094,0.1430469426234452,0.005033453057332619,6.657458062936747e-06
1921,8.009780755539565e-06,0.0017427258345433217,0.05246162848129626,0.7614372073059057,0.18435042859749923
2586,9.567118964926718e-06,0.0010157813864352608,0.08479112233587262,0.5895474202275643,0.3246361089311629
1185,0.004478739264144847,0.2711873904603022,0.561753601042601,0.16163055442651034,0.0009497148064416403
902,1.2258998712939654e-06,0.0006326523717450305,0.025317122217716374,0.5364389703131632,0.4376100291975039
128,4.0026697949203484e-05,0.02652987802483659,0.2890398835683056,0.6038829659611303,0.08050724574777819
191,0.0001710501040901151,0.024025705020404044,0.13080142871443762,0.7667765528354147,0.07822526332565363
449,0.43704971116147545,0.5481356108125991,0.014747864294956435,6.675336572743727e-05,6.036524160904804e-08
2388,0.6223643667634225,0.36592229905147977,0.008416120020465778,0.0032939546151398787,3.2595494921152166e-06
1956,3.8247128253036195e-07,0.00023101850331240967,0.011857721375361311,0.4036746409550746,0.584236236694969
95,0.0012805032684866894,0.07257851244973518,0.593433276125338,0.3104543114136333,0.02225339674280681
1684,0.907776569572361,0.085293829713363,0.005405962856053337,0.0015217962642223419,1.841594000353997e-06
1881,1.8921642222634832e-06,0.0029960578422976118,0.10076419803875564,0.7844317722971081,0.11180607965761642
849,0.027785208800115445,0.526634135960907,0.4025688758702677,0.0429227718297082,8.900753900174218e-05
2521,0.03472430818430779,0.4403859815417422,0.4164421370063195,0.10276238351085422,0.005685189756776384
2037,4.513934855549267e-05,0.005416388317030843,0.020166269120904846,0.4958177272984124,0.4785544759150964
1298,5.3931932356770834e-08,6.753027815779579e-07,2.067861058070292e-05,0.07431946177990266,0.9256591303748026
1208,8.732451502529075e-05,0.027820182676534674,0.37423372734921606,0.5815234232472688,0.01633534221195518
2790,0.031288323408425356,0.4641190679766994,0.4666256904726824,0.037755922352949396,0.00021099578924344863
2723,1.7461281239897447e-05,0.000583747777501128,0.03597246190709614,0.7556876903415001,0.20773863869266276
1410,0.003208100971609789,0.0954217281872719,0.1977803325322212,0.6971174351293801,0.006472403179516934
1846,0.0020645583602917207,0.1500289163005141,0.6665818374285899,0.17821038565584446,0.0031143022547599234
1034,1.4158084414764967e-05,0.011769075407137269,0.27337827402498205,0.6803034065340318,0.03453508594943405
2765,6.007627221993709e-07,0.0005985522410310106,0.07724452335283535,0.6248349222718498,0.2973214013715617
967,0.9123679321729368,0.08214030871127134,0.004376000421054708,0.001114654685563782,1.1040091732408325e-06
2372,4.3871885845082625e-08,6.632854349228943e-05,0.021460184930058752,0.291576268138589,0.6868971745159741
1120,0.09283268621777084,0.6985569630916366,0.19801055607624998,0.010527116547926953,7.267806641549375e-05
1937,0.0004974544500516522,0.029326916500298082,0.03743920415910914,0.5217716419996606,0.4109647828908805
951,0.00016622681667008223,0.07381425975311394,0.6397071745635471,0.2800251050807308,0.0062872337859380305
1903,1.449797763368852e-10,2.930074882981635e-08,2.165138413729238e-06,0.003063643068371021,0.9969341623474866
2088,3.7679819574744586e-06,0.00012518302260278942,0.004432622253708176,0.26047118771903877,0.7349672390226928
2221,0.00035776914475191295,0.044356819687819786,0.35877189597371995,0.5257372679553289,0.07077624723837946
2890,0.02953185980994186,0.7003871245410997,0.25517972054418375,0.014896214703037782,5.080401736759e-06
1533,0.00577918665013868,0.07829752132667216,0.2285485432918256,0.6712623040257615,0.016112444705602157
1571,0.030516526872770948,0.6105379087698338,0.3234744994911753,0.03538492305095204,8.614181526804224e-05
2287,8.523180708567894e-08,1.0314929287832681e-05,0.0002805309637909208,0.05077306191413104,0.9489360069609831
378,0.0007235671671522394,0.06901682161574177,0.6708347305402095,0.25738480575911593,0.002040074917780625
2082,0.0009135385567640525,0.020483538420281566,0.050587743921340904,0.2913927293379105,0.636622449763703
1294,0.00038379716080128213,0.0056912333863798235,0.006294720829015957,0.5301297675153991,0.45750048110840386
1445,0.00015045505225974462,0.014036415301656809,0.24401410485293099,0.7182036796812804,0.023595345111871998
2263,0.2067887035517827,0.7395964771907519,0.05267428003969989,0.0009394614216691465,1.0777960962585715e-06
2192,6.219013110264142e-08,1.2586282057888824e-05,0.0016959667342440028,0.14328489213603643,0.8550064926575306
247,0.06841905237664596,0.650101747143963,0.2681196861875938,0.01333133917159196,2.8175120205280687e-05
1263,1.1222910621204519e-05,0.00581311532155773,0.20070322155437043,0.7190166511734911,0.07445578903995949
2310,6.428020943750251e-05,0.02376209818335667,0.5118530089615017,0.4414491433776402,0.022871469268063934
2602,6.300483600966656e-05,0.004553861407105209,0.004905704061487439,0.1975934103348259,0.7928840193605717
1040,4.746858222488366e-08,7.147699668110347e-05,0.022744337111881785,0.29917442845505726,0.6780097099677976
1672,3.41643832408351e-06,0.002239556394047815,0.1790854400073389,0.5389357988264916,0.2797357883337975
626,0.004298651113127748,0.21030259150561215,0.6169014173786337,0.1655185706309137,0.002978769371712636
1635,0.8846695143110547,0.11063445066873828,0.00437721915064892,0.0003187314216066989,8.444795145636147e-08
1052,0.9020418942507229,0.08916210470569651,0.008497431265172536,0.000298531831533481,3.794687461789666e-08
2334,0.9643086091706444,0.0347835448483454,0.0009002656138798255,7.580022960440707e-06,3.4416984433521344e-10
1069,0.7041589901918934,0.28107410106273123,0.01174881816813782,0.0030172975612470245,7.930159904488776e-07
130,9.899413088382327e-06,5.818785936923405e-05,0.0002521584750545227,0.09316350372996687,0.9065162505225209
2045,0.5051180958434908,0.4881524723786702,0.002569093238072479,0.004156329082788258,4.009456978254715e-06
2677,7.51302541097856e-07,6.218107810884393e-05,0.0023837191693695174,0.09068036228266546,0.9068729861673152
1929,7.849008919189317e-06,0.0009644777329791586,0.04256271342337947,0.7737370016520855,0.1827279581826368
1530,8.455552760829644e-07,0.000333616043543036,0.03167784180227564,0.11590207760664202,0.8520856189922632
1361,0.00013819654612318898,0.04754334319375205,0.3707165276424447,0.5580385807268142,0.023563351890865843
1698,0.20077006622247415,0.7420000758657632,0.056176067524155625,0.0010524820908039318,1.308296802922163e-06
2643,3.024366043969491e-07,0.00025009606470546505,0.013181315137725273,0.49545138511559583,0.49111690124536894
1832,0.931917293004074,0.06766241272938453,0.0004199546046221167,3.39525316151301e-07,1.3660316002012154e-10
163,1.827937647270472e-06,0.0003595956319059303,0.007500623092659295,0.5651610827379205,0.426976870599867
839,0.002878106051373193,0.2902192033539795,0.6036567270918426,0.10278081523376721,0.0004651482690374609
2928,0.00041456135230256996,0.032437158517197494,0.2636560261618536,0.684255603431162,0.019236650537484433
1359,2.4831508638974195e-08,5.307676382738349e-05,0.005535487878539609,0.1782978841825026,0.8161135263436218
2600,4.999666349566029e-07,0.00012315341497324466,0.0073271671882716586,0.4621485037608065,0.5304006756693137
519,0.026512374901925307,0.5333599945793525,0.40197628506330596,0.03808123214425473,7.011331116158658e-05
918,0.29288530141071106,0.41957716206549467,0.22526606245513947,0.06216151620447878,0.00010995786417621632
2891,0.2564688478126346,0.7020661616709755,0.04109548761073772,0.00036941690470492926,8.600094739089908e-08
2289,3.9537030826284146e-09,1.2180054108101393e-06,6.576917676234029e-05,0.02150438799941964,0.9784286208647043
516,0.0020195340280862693,0.18314878226957856,0.6396793376728266,0.1740779460234941,0.0010744000060144247
1554,1.0440232957259238e-07,7.5256575641363295e-06,0.00016389296487259603,0.009930503194563817,0.9898979737806699
296,0.1123869230744118,0.8805452424319103,0.006199069451096633,0.0008686649165696829,1.0012601146468801e-07
1064,0.9657196044288816,0.03419602372873968,8.019515366563981e-05,4.176107934092161e-06,5.807788013104643e-10
728,0.0003114803875971681,0.01545487368738947,0.06404720264503365,0.8537528048735475,0.06643363840643222
1195,0.004163483253045086,0.12132468874256438,0.33411718158822684,0.5375819146276435,0.002812731788520174
2768,1.9040030490896108e-05,0.0021808982847520758,0.10746794142806743,0.6858241905503114,0.20450792970637818
546,0.006330385030790069,0.6619982294561702,0.3151292959796547,0.01650413940841931,3.795012496569219e-05
389,7.177471578096157e-05,0.014885968800831484,0.3065859884881493,0.6236373511716001,0.054818916823638014
2526,1.0462372104515136e-05,0.008086811447497008,0.23135657319333888,0.6209871339880314,0.13955901899902806
2929,0.008075197927311073,0.4192110791229819,0.5312535384491965,0.041229246656805406,0.00023093784370513697
2550,0.0001138056322920461,0.014303951850470698,0.14655981472066404,0.796660834831159,0.042361592965414065
2010,1.9712530870543743e-07,0.00026380972886365535,0.026560499253081314,0.35038121037655623,0.62279428351619
1960,1.0775393120355785e-06,9.393041672853811e-05,0.014755767939301044,0.15890801277715286,0.8262412113275055
2249,7.513631620366291e-06,0.00889087774131634,0.23335512104925718,0.6824674876081654,0.07527899996964076
81,0.00011932364233362713,0.05380872446409203,0.5938906188049405,0.33218218648946307,0.01999914659917071
2581,2.526113793901816e-06,0.000655053521537996,0.0474984166153545,0.6535192755373659,0.2983247282119478
2729,2.72118160697717e-07,7.315123555697425e-05,0.01302590332415681,0.4849916626299162,0.5019090106922093
466,0.0017918676031915362,0.14241623926649902,0.6750784919838617,0.17759940190567894,0.0031139992407688616
1750,0.026591509503974237,0.4529541368517697,0.4781572307556671,0.04204202616409913,0.0002550967244898263
610,0.00014638097027719227,0.07706969057802317,0.4403002393413539,0.4698805017419551,0.01260318736839048
2473,0.00017450619086914064,0.05080944178615773,0.6273550225843558,0.3126758781760095,0.008985151262607727
2395,0.9035325577317557,0.09526801341968265,0.0009499290208173079,0.0002494057225843669,9.410516009762021e-08
1435,0.0026457698094482073,0.24765593340511863,0.6333851137505841,0.11555010618598205,0.0007630768488670374
2227,0.00052267143097587,0.06288119702999705,0.47607515644628023,0.3323413400174524,0.12817963507529456
1244,1.8543519325372498e-06,0.0003081724085402293,0.0236616596259802,0.659351131379675,0.31667718223387203
2877,0.00030891069205965814,0.03729460361159074,0.3602183983165738,0.578168137133886,0.024009950245889623
238,1.8616669705021114e-05,0.0021026182054080505,0.01726574774197151,0.26650368063435625,0.714109336748559
1601,2.951501188631403e-07,6.788546287459066e-05,0.00972900635984141,0.46556228782902614,0.524640525198139
1043,4.053221403419252e-08,6.152740622243e-05,0.020240797417407287,0.2840624693347959,0.6956351653093603
1768,0.029077771939414503,0.5869822685615563,0.36891085295975234,0.01498563156674218,4.347497253462131e-05
1997,0.012359252108732843,0.29170720084387214,0.3754485010680533,0.31284348904952647,0.0076415569298151215
2629,2.532313125508113e-06,0.0004930284040643795,0.024442357573661703,0.5780071388841337,0.39705494282501475
1905,0.0008051008793199744,0.12394462564990585,0.6171629793944478,0.25316243048470344,0.004924863591623035
1493,0.017264891179129563,0.3527874963276451,0.5612562216591922,0.06797456298097232,0.0007168278530608109
1616,0.0001437654441224149,0.05420630762463288,0.6507165610097457,0.2838014426521524,0.01113192326934656
2022,4.4077731991748226e-05,0.011675769666409876,0.21497902215762327,0.6337564124096183,0.13954471803435683
737,1.0839594472363176e-08,1.8717502754557081e-06,0.0009282454488375335,0.10627399506550517,0.8927958768957874
1862,0.06910346455581377,0.6689657101881926,0.2516720673920533,0.010241981006883397,1.6776857056888096e-05
682,4.5269503973000166e-07,0.00038061755413446166,0.025343936502629547,0.5567190894204606,0.4175559038277357
1841,0.0019426277870228075,0.09715250882352675,0.6284731365710768,0.25897660284168583,0.013455123976687793
129,2.640271641702215e-07,8.452317718659807e-05,0.0016418452225908265,0.22910132914357392,0.7691720384294846
1909,0.0009521681934623003,0.027612593413516927,0.16847288928440277,0.7527160005533319,0.05024634855528612
2000,0.0006229321251417269,0.04273292838201008,0.17526424329218285,0.7648601269677638,0.016519769232901674
1269,0.00013815014583280866,0.005628413155910222,0.14458496815271857,0.7959731179280187,0.0536753506175197
2759,0.5534255103015441,0.43435533468576376,0.011410971885630011,0.0008023823762098679,5.8007508523461074e-06
2798,0.029248461876314236,0.6115206926601863,0.3384118716443289,0.020780496954706868,3.847686446375934e-05
950,9.553448515106803e-07,0.001538644439354516,0.10636114504060952,0.6629055265170618,0.22919372865812274
837,0.00297754417276921,0.2719244256690992,0.6176597311165555,0.1068582573665158,0.0005800416750602985
1966,7.530081580545315e-05,0.005841089395569851,0.10446579850291893,0.8342792874619106,0.05533852382379528
2494,6.69676135956113e-07,0.00023587874082327156,0.01750027974932806,0.5697754158498995,0.4124877559838131
1317,1.3800956050867592e-07,6.319994088855503e-05,0.0018231844231490618,0.12738487143156021,0.8707286061948417
1675,3.930727408806242e-07,0.0006463970607284105,0.06546823876484775,0.47342363381004754,0.46046133729163546
2016,5.380664191945232e-06,0.00040990869528038807,0.01426523889310147,0.5739445690070486,0.4113749027403776
2273,0.0005584182132360008,0.034051739098473574,0.19033039140017238,0.7467806040207873,0.02827884726733082
1060,0.9281032318525513,0.07118977044213824,0.0006117939747714388,9.514252607653114e-05,6.120446238882677e-08
1151,6.168315657866668e-06,0.001032339080478892,0.024027637860970435,0.8417479952664271,0.13318585947646572
2212,1.80293557828841e-07,6.528082147506737e-06,0.0007340468938209388,0.10252293445354688,0.8967363102769269
681,4.25354410509296e-05,0.004154684465606673,0.09226473258366717,0.8064283596913207,0.09710968781835455
1079,0.0198787539276406,0.4583314439898471,0.46194499338632516,0.05967266081596798,0.00017214788021934933
2619,0.0009459964964409372,0.03513412669855408,0.06768767839505477,0.6501757045757075,0.24605649383424272
2209,0.000739936621566462,0.19374114998473096,0.5518429480151252,0.2464166218418101,0.007259343536767226
908,2.9549439684812855e-05,0.013578587583882702,0.278942090988988,0.6116808158656287,0.09576895612181571
532,0.019318590035486152,0.3848784320869203,0.5344287989370679,0.06085210309516043,0.0005220758453652691
2197,6.741515468974446e-10,1.5379256940059608e-07,9.504343969594512e-05,0.03933795016944949,0.9605668519241336
1097,0.0014164124997705773,0.15180159439799354,0.7001732714998139,0.1434344104061969,0.0031743111962252305
2876,1.4943462690657696e-07,3.566507485064269e-05,0.002008780091754738,0.17179950331604926,0.8261559020827184
2652,0.00034943750746561176,0.023282245707606265,0.08980099113994337,0.7837546771965309,0.10281264844845381
1995,0.0005627933249300773,0.08267003988066497,0.0775560907403762,0.42389056452834173,0.41532051152568705
33,0.00022010959967956893,0.05328512143608552,0.3936027521312682,0.5329290741911816,0.01996294264178503
1057,0.9360733284573713,0.06181071062535026,0.0018307050899965343,0.00028512732034842155,1.2850693370515797e-07
1980,1.040562918835666e-06,0.00014785048220480616,0.015163858792779884,0.682971211327462,0.3017160388346344
322,1.613157466858047e-05,0.001464734564279369,0.0682141752234352,0.7925564982709031,0.13774846036671376
2712,6.178019486016387e-06,0.0007830548866018579,0.04807025988610145,0.7544908663187859,0.19664964088902478
1615,0.02783069001507724,0.4615277224924549,0.46965759265540274,0.040743262362309664,0.00024073247475542593
1062,0.7946178064783095,0.2038438103889455,0.0015158627328843912,2.2442984511477106e-05,7.741534907980802e-08
321,0.9475759275778031,0.05120262592258426,0.0010956746869028337,0.00012573605505270406,3.575765718964829e-08
477,0.020220275779902694,0.40171321493229456,0.520526400292327,0.05712619720332893,0.00041391179214679135
2191,1.1188542996341339e-08,2.943372546950499e-06,0.0006467165641687415,0.0810142394924987,0.9183360893822425
2226,0.0817584070578499,0.6527908824209819,0.19334158459331133,0.07197982752715905,0.00012929840069779013
1632,0.10547890813385569,0.7200439990997232,0.16812147893014084,0.0063480385619353276,7.575274344958923e-06
1222,1.2912031248518906e-08,4.704866765708303e-06,0.0003295838783614286,0.03088772318291523,0.9687779751599265
234,0.0003082669884082569,0.015345286314776848,0.036121189277397846,0.4315245044435191,0.5167007529758979
540,0.00036132646283608947,0.011584668569537404,0.05601553202916859,0.8312137520290139,0.10082472090944405
1270,0.00022531793752382314,0.013215856289196066,0.09453244169215298,0.853742405088229,0.03828397899289827
1439,0.034584702025769215,0.5803572030934767,0.35230128688725304,0.032704637436960546,5.217055654044293e-05
2569,1.3375161919732325e-06,0.00018458234876472267,0.020440943755628407,0.5916862466102965,0.38768688976911847
143,1.022454266814968e-05,0.008653771642394649,0.19471493650078778,0.7175218343066508,0.07909923300749863
505,0.04256570579495526,0.7250940174860897,0.220147884400494,0.012161539302007767,3.0853016453234626e-05
2253,4.680555187779681e-06,0.0027583272723958776,0.12288013561397727,0.6150205710365215,0.25933628552191756
1326,4.159641868249942e-06,0.0005305799352914396,0.01710062742584116,0.4354366862996437,0.5469279466973554
731,3.43341358395878e-05,0.0016699057448789374,0.07690445191332977,0.6147209146008179,0.30667039360513376
2501,0.39259452762434766,0.6064541566472246,0.0009508503315245697,4.6537766291952795e-07,1.9240338421054216e-11
2775,0.055359028753522846,0.6948233823078978,0.23586449402019238,0.013942600444281502,1.04944741056318e-05
818,0.8664777876569277,0.10915473144619502,0.016637336144143845,0.007704908447265406,2.523630546806064e-05
2539,0.0001344143626890926,0.004530763511744059,0.08478647313083264,0.8800451323547276,0.030503216640006464
2046,2.314344057980683e-07,7.030953908772728e-05,0.006462885832359866,0.3353409888660488,0.6581255843280979
442,0.9152408496820633,0.08366966161264719,0.0009038215833652471,0.00018552181971964022,1.4530220462145133e-07
1343,1.4772073628538312e-09,4.900995883372841e-07,4.204106662879444e-05,0.022442067967262672,0.9775153993893128
1693,0.8911619448434324,0.09553151772003071,0.012738700503717854,0.0005677264656566125,1.104671625779246e-07
2153,0.0936542038359369,0.5729335806583858,0.32131914681438317,0.01206978822037166,2.3280470922178312e-05
2819,1.2363969649738697e-06,0.0007002896618408946,0.02304154501708864,0.4262667149156769,0.5499902140084285
1888,6.1060688876032494e-06,0.0025880135366362416,0.05165019786033983,0.7381391212923171,0.20761656124181935
436,0.8793813823278067,0.12039263264831371,0.00022483620530782685,1.1482590309854937e-06,5.595409078304094e-10
2628,8.67553100214268e-06,0.0017400664698233276,0.04772051103081184,0.7810092893514288,0.16952145761693405
915,0.00032275261525216317,0.07993541895888294,0.3461328635760019,0.5109210521461145,0.06268791270374842
2709,7.205960202478898e-05,0.007956092298450177,0.11826311174669688,0.8141618215103781,0.059546914842450005
2014,6.349532581138406e-06,0.0010166206498500808,0.031435360660381516,0.7432987559625592,0.22424291319462802
1505,3.4595244796072487e-07,2.3337051319944012e-05,0.00014948252217635583,0.11762473143473054,0.8822021030393251
1130,0.0071707242463758085,0.32445457995033605,0.5963189796101422,0.07164374272483409,0.0004119734683117668
2635,0.0036226646835301095,0.07283857360086764,0.0738847844743605,0.7671481189530613,0.08250585828818034
2599,1.0495793646965291e-09,1.0217016399065571e-06,3.1155841012752032e-06,0.004699071826751733,0.9952967898379277
1751,0.0031802993446805616,0.08582344783997145,0.6959190874655347,0.2047928379913676,0.010284327358445734
760,3.264421032923409e-06,0.0038183606029326706,0.08274378169484246,0.5371949658697645,0.3762396274114275
435,0.6511005951928084,0.3355679624356879,0.013212021361298051,0.00011924873747403989,1.7227273170642228e-07
2912,0.0024141172172080054,0.08484915954993133,0.316647920481347,0.5918487757427017,0.004240027008811936
1906,9.615655847096138e-06,0.00291129408453167,0.047188767765926565,0.7648056330380323,0.18508468945566245
657,1.2106355939145794e-07,1.2709138674769479e-05,0.00022689409906170903,0.06037308848531307,0.939387187213391
7,0.05561321783327207,0.5751138943505452,0.327238679842319,0.04111261383519079,0.0009215941386729413
1248,0.0005488993356790932,0.03908473000442309,0.6018578232854992,0.3527637090729248,0.005744838301473753
2919,6.251599102467922e-07,6.221582314977236e-05,0.0010588485530376294,0.09828551424356449,0.9005927962203378
685,0.00013034536547804645,0.009841519512548037,0.08032319702571085,0.6265066476935451,0.283198290402718
486,0.0028961188476772795,0.08211934403135839,0.6930862849773627,0.21089203268871523,0.011006219454886368
461,0.07693461014367836,0.6667110928806562,0.24019154714094046,0.016007309035043556,0.00015544079968146424
569,0.0022699086628706336,0.17298330473858967,0.6586062824651946,0.1651088937285986,0.0010316104047464678
65,0.8922473268879358,0.10771630846541849,3.635868439323011e-05,5.962234219427163e-09,1.817165935219777e-14
2503,0.18512773798710394,0.7420151702928915,0.07081980264386811,0.0020330576575014418,4.231418634912242e-06
362,0.00037093098288265255,0.12668723566996118,0.526617925311418,0.34207804805236414,0.004245859983374117
1945,0.32425498480482795,0.5120562115528979,0.13598762685697263,0.02748605878787485,0.00021511799742638367
2577,5.5400251872631955e-05,0.005005501441799058,0.0986019765264472,0.8102810900283458,0.08605603175153531
2211,0.0028982557231611228,0.15034385148329638,0.3915022549080204,0.4331598540267635,0.022095783858758544
1206,4.537782741784666e-06,0.0008192414371234618,0.02059621482434214,0.470703667293739,0.5078763386620535
2673,0.00029322174310455156,0.15469098154593203,0.46705400805701686,0.36594103143072054,0.012020757223226024
2089,0.0032219119282268947,0.21869694145496474,0.5828619653432329,0.19424192369681986,0.000977257576755687
395,1.1737413505474532e-05,0.0014977828281797642,0.06186237705602788,0.801912300417896,0.13471580228439095
455,0.016168998786247914,0.415349276862648,0.49827902402934904,0.06996158438897812,0.00024111593277696425
1515,5.952813819464617e-06,0.00043131378550108855,0.00030316059436424664,0.15927240053573388,0.8399871722705812
488,0.00012033372734148046,0.04847549442451542,0.6554553319796346,0.2848859479594413,0.011062891909067113
1345,0.0025086383831317495,0.10014014799741368,0.5349086141323907,0.3489755379896274,0.0134670614974365
884,6.98902514049936e-07,8.816089083857656e-06,0.00030611324713104935,0.06190760800236062,0.9377767637589104
2238,3.037565157900738e-08,3.5720671777453994e-05,0.008188222919241076,0.2880832520995289,0.7036927739338009
1659,0.00940085656945792,0.4776987237056208,0.48296362251127184,0.02977547408130739,0.00016132313234205363
222,1.4076155249051576e-05,0.0017509551915391693,0.0475974392244153,0.7907178073186736,0.159919722110123
2672,0.00030926186570478376,0.09177434720960395,0.3706502047580431,0.4761152498476346,0.061150936319013464
218,6.359713275274602e-07,0.00016499375204068902,0.013469857390369995,0.4412412441857489,0.5451232687005129
777,9.893761619180581e-05,0.005083317675933982,0.22923665552573907,0.6850215412861363,0.08055954789599877
616,9.191049948537704e-05,0.03334799704284566,0.3178935355545784,0.6122371718346072,0.03642938506848324
2092,0.4311543521683691,0.5526555640175171,0.016079596736987244,0.00011048063895838279,6.4381681414190295e-09
2745,6.386765839903526e-06,0.0007395500117173949,0.009886921213494344,0.11272776810246525,0.876639373906483
598,4.408940090190129e-05,0.017761436337731175,0.32306248547345956,0.6331992545521267,0.025932734235780647
160,0.6235996633270082,0.37212954462641784,0.004265947819367883,4.844047673456363e-06,1.7953269117219846e-10
996,0.000295110093320806,0.08976713794502991,0.6930427650010211,0.2124647641244071,0.0044302228362209034
2394,0.845867179635546,0.1536649319611665,0.0004640197483380848,3.865581426087495e-06,3.073523156794418e-09
1183,0.8680461433306264,0.1134811879135814,0.016005870835669286,0.0024630008418556493,3.797078267379802e-06
483,0.13599165368983337,0.7276020767873189,0.1339391376252579,0.0024649972231995197,2.134674390339142e-06
2872,2.396928056321833e-07,8.28286964098728e-05,0.007312142012727625,0.4238358962675605,0.5687688933304964
432,0.981038712710317,0.01886352546231085,9.74532720983683e-05,3.0855445228543067e-07,8.216259304538511e-13
194,1.4636616363990455e-06,0.001997917699689051,0.14611443853968997,0.5811139955596546,0.2707721845393299
758,7.46676377100175e-05,0.04509391930130848,0.08619829703606117,0.7941767190765263,0.07445639694839407
2502,0.16910148214065063,0.7278258264282704,0.1013305616373205,0.0017411098939642655,1.0198997942951758e-06
1782,0.6617565754682457,0.32651192082745695,0.011638049961452965,9.333934060734713e-05,1.1440223700182785e-07
2390,0.9364208814751851,0.061119738819230184,0.0022887829543735807,0.00017052506460068237,7.16866105025541e-08
559,5.6279273758957514e-05,0.003688764981021741,0.045580024120630176,0.8635086597707716,0.08716627185381741
2818,1.0176305042401229e-05,0.0009094723659426986,0.007704721936127364,0.29227251329743564,0.6991031160954518
437,0.6095673416919027,0.37020308551924785,0.020007459502773238,0.00022164815515790182,4.6513091806381544e-07
2592,0.0515733995675474,0.832785808402391,0.04265072479751563,0.07294078193032023,4.9285302225898e-05
2181,0.9997231654500353,0.0002768332427963214,1.307160874437329e-09,7.545810312230885e-15,7.133625150616418e-24
326,3.1040425990262067e-07,4.796496648738718e-05,0.004845515174061133,0.17749919848118095,0.8176070109740107
1226,0.0018093945492676804,0.10854504266501075,0.5289026938418389,0.3573895336981145,0.0033533352457683213
2064,4.446405683158297e-05,0.003220305087200292,0.08564642422735987,0.8256250474039474,0.08546375922466098
2764,0.0014545293908808786,0.10164938515391858,0.25267122685303994,0.6372727651178476,0.006952093484313073
1036,4.700427635961148e-07,0.0001562143418807593,0.019349813177248733,0.47705442205249704,0.5034390803856099
64,0.019169508552188477,0.5147012920062587,0.4408135715412405,0.025226669672635635,8.895822767668413e-05
445,0.10238554267736101,0.7903964119181729,0.10453714790944829,0.002680350214556614,5.472804610376765e-07
197,1.841934067623245e-05,0.011999601671120456,0.25671459101714555,0.6173014325080668,0.11396595546299099
642,6.00129091397711e-06,0.0061126370084937,0.18321062619714779,0.6997464113246025,0.11092432417884192
1991,4.1793146587111865e-05,0.0014673711873772935,0.03250220199030296,0.8250937058707418,0.14089492780499074
823,0.13232910995171948,0.6861231584991093,0.17580920443528908,0.0056688453103423,6.968180354000011e-05
1634,0.06533356042451707,0.6052912679572157,0.29519124122574425,0.03355447291400562,0.0006294574785173525
1156,0.0005085417736943734,0.07012380811269253,0.26689710873329275,0.597137129976796,0.06533341140352417
141,0.00877617453449801,0.09029207659286816,0.290176547559402,0.6069903492843274,0.003764852028904585
1696,0.40721973584856086,0.5842913394391686,0.008449083832735028,3.9835416848869123e-05,5.4626866165291755e-09
2811,0.027630662262631243,0.4633719597502828,0.46858764639668143,0.040182828253237844,0.00022690333716667244
2804,0.2591669908447967,0.6521030993506773,0.08769559171797228,0.0010297568986935165,4.561187860107974e-06
2544,0.0037752361781594555,0.44018364341916166,0.43336113135927906,0.12235068621973165,0.0003293028236680337
2347,0.021632621233802704,0.7297723767690809,0.23802223007463968,0.010567933232924542,4.838689552031761e-06
1012,0.9222408395321298,0.07381827362999352,0.0032165212641032965,0.0007237959675406454,5.6960623302015e-07
132,0.00013937336763778424,0.03857484049467524,0.41792320018847506,0.5271713354085814,0.016191250540630506
922,1.3017288730903443e-05,0.0018184455996310437,0.048992034522469696,0.722448630799916,0.22672787178925238
16,0.060403783984935865,0.6077571614819486,0.3227678817465927,0.008812756157712511,0.0002584166288103808
1574,0.20764166610354434,0.7396536525769167,0.05180911443241848,0.0008945795885074617,9.872986130585624e-07
1044,8.29824464426909e-09,1.1941721770814328e-05,0.005930416534694924,0.03990969012636796,0.9541479433189217
1288,0.0390845385741244,0.9495114289734863,0.01124478541899849,0.00015916674843843932,8.028495250910613e-08
2487,0.0003080033142122207,0.04101023786506712,0.1952281866478192,0.5869350804561599,0.17651849171674142
1568,0.00013553328744365882,0.0025932107694661044,0.023854326159778703,0.36494788713739584,0.6084690426459157
1275,5.771356997177476e-07,0.0005234575318575902,0.03620365852457981,0.5905535581905289,0.37271874861733395
1460,0.49253759219445437,0.4434610664982494,0.05392337639799708,0.010070592930921787,7.371978377463456e-06
2785,3.152694781986735e-06,0.0016797041478770918,0.04645675408393174,0.7007519010601996,0.2511084880132097
1519,0.00016952315737755924,0.018084062299241373,0.20050569254304274,0.7432901432990537,0.03795057870128468
1669,5.515760161730845e-07,0.00014734637804353834,0.007444427246413434,0.3001068477271559,0.692300827072371
