index,A,B,C,D,E
1476,0.0,0.06799999999999999,0.916,0.016,0.0
781,0.003,0.10900000000000001,0.25,0.4739999999999999,0.164
2374,0.0,0.029000000000000005,0.19,0.663,0.11800000000000002
270,0.322,0.636,0.034999999999999996,0.006999999999999999,0.0
9,0.007999999999999998,0.31799999999999995,0.585,0.08199999999999999,0.007000000000000001
2535,0.0,0.0,0.02,0.7589999999999999,0.221
424,0.621,0.362,0.014000000000000002,0.003,0.0
1110,0.23500000000000004,0.732,0.03,0.003,0.0
2515,0.076,0.8000000000000002,0.11699999999999999,0.007000000000000001,0.0
2274,0.688,0.273,0.033,0.006,0.0
2398,0.951,0.048,0.001,0.0,0.0
406,0.0,0.001,0.013999999999999999,0.183,0.8019999999999999
606,0.003,0.072,0.386,0.514,0.025
2613,0.0,0.001,0.009999999999999998,0.477,0.512
705,0.0,0.003,0.013000000000000001,0.4740000000000001,0.51
1087,0.007000000000000001,0.11000000000000003,0.6409999999999999,0.22700000000000004,0.015
614,0.0,0.004,0.003,0.082,0.9109999999999999
1324,0.001,0.048,0.10100000000000002,0.508,0.34199999999999997
1431,0.0,0.007000000000000001,0.030000000000000006,0.924,0.039
863,0.16699999999999998,0.7889999999999999,0.041,0.002,0.001
122,0.004,0.07500000000000001,0.352,0.45699999999999996,0.11200000000000002
1033,0.008,0.10400000000000001,0.22400000000000003,0.5599999999999999,0.10400000000000001
1968,0.0,0.004,0.012,0.253,0.731
2443,0.335,0.642,0.022,0.001,0.0
1765,0.8640000000000001,0.134,0.002,0.0,0.0
1308,0.012,0.08399999999999999,0.15899999999999997,0.538,0.207
2018,0.001,0.026000000000000002,0.065,0.409,0.49899999999999994
2323,0.002,0.052000000000000005,0.502,0.41100000000000003,0.033
467,0.003,0.16599999999999998,0.783,0.048,0.0
140,0.0,0.0,0.022,0.8059999999999998,0.17200000000000001
2098,0.16,0.8299999999999998,0.009,0.001,0.0
28,0.03300000000000001,0.434,0.45199999999999996,0.081,0.0
242,0.002,0.06999999999999999,0.207,0.549,0.172
2786,0.0,0.006,0.03500000000000001,0.608,0.35100000000000003
1794,0.006,0.526,0.445,0.023,0.0
1273,0.001,0.020999999999999998,0.059999999999999984,0.6629999999999999,0.255
856,0.003,0.012,0.026000000000000002,0.747,0.21200000000000002
1926,0.0,0.0,0.008,0.8360000000000001,0.15600000000000003
2346,0.0,0.049999999999999996,0.27199999999999996,0.646,0.032
2834,0.0,0.027000000000000003,0.095,0.47400000000000003,0.404
2472,0.002,0.02,0.06599999999999999,0.7459999999999999,0.166
1199,0.422,0.361,0.144,0.065,0.008
587,0.001,0.08900000000000001,0.558,0.31700000000000006,0.035
1448,0.0,0.011999999999999999,0.08900000000000001,0.667,0.23200000000000004
2446,0.8699999999999999,0.12500000000000006,0.003,0.002,0.0
2879,0.0,0.001,0.008,0.06900000000000002,0.9219999999999999
1567,0.009999999999999998,0.063,0.35500000000000004,0.51,0.06200000000000001
1234,0.0,0.001,0.011,0.8290000000000001,0.15899999999999997
1685,0.8699999999999999,0.12700000000000003,0.003,0.0,0.0
1896,0.016,0.305,0.35,0.309,0.019999999999999997
1778,0.23399999999999999,0.687,0.073,0.006,0.0
2038,0.001,0.001,0.006,0.15599999999999997,0.8360000000000001
2670,0.001,0.005,0.016,0.175,0.8029999999999999
1350,0.0,0.004,0.012,0.522,0.462
1440,0.044,0.835,0.11300000000000002,0.006,0.002
2369,0.0,0.0,0.009,0.122,0.869
161,0.0,0.006,0.023,0.629,0.342
24,0.002,0.03400000000000001,0.202,0.731,0.031
1548,0.001,0.003,0.025000000000000005,0.31300000000000006,0.658
2636,0.0,0.004,0.023,0.30000000000000004,0.6729999999999999
1236,0.0,0.005,0.06400000000000002,0.859,0.07200000000000001
1583,0.158,0.683,0.154,0.003,0.002
2291,0.004,0.047,0.36099999999999993,0.5389999999999999,0.049
2132,0.016999999999999998,0.794,0.18499999999999997,0.003,0.001
746,0.0,0.008,0.038,0.3470000000000001,0.607
1090,0.011999999999999999,0.731,0.253,0.003,0.001
2511,0.014000000000000002,0.09,0.4,0.496,0.0
1174,0.018,0.571,0.321,0.07500000000000001,0.015
502,0.05499999999999999,0.885,0.052000000000000005,0.006,0.002
1801,0.06800000000000002,0.674,0.23899999999999996,0.018,0.001
375,0.013000000000000001,0.318,0.496,0.14700000000000002,0.026000000000000002
709,0.0,0.0,0.002,0.10200000000000001,0.8960000000000001
323,0.03200000000000001,0.345,0.449,0.158,0.016
2295,0.006,0.09799999999999999,0.499,0.349,0.048
2454,0.194,0.756,0.046,0.004,0.0
1631,0.013999999999999999,0.087,0.35,0.449,0.09999999999999999
632,0.011000000000000001,0.12100000000000002,0.47700000000000004,0.296,0.09499999999999999
1607,0.007000000000000001,0.187,0.328,0.398,0.08
1612,0.018000000000000002,0.11500000000000002,0.458,0.30500000000000005,0.10400000000000001
529,0.078,0.8320000000000001,0.08099999999999999,0.007999999999999998,0.001
592,0.017,0.409,0.543,0.031,0.0
1423,0.009000000000000001,0.13199999999999998,0.611,0.24699999999999997,0.001
2099,0.6279999999999999,0.34400000000000003,0.025,0.003,0.0
1863,0.0,0.026000000000000002,0.14800000000000002,0.7050000000000001,0.12100000000000002
144,0.0,0.005,0.06700000000000002,0.6859999999999999,0.24200000000000005
589,0.13599999999999998,0.557,0.21800000000000003,0.07600000000000001,0.013000000000000001
673,0.018999999999999996,0.244,0.446,0.255,0.036000000000000004
2353,0.23700000000000004,0.673,0.071,0.018,0.001
789,0.0,0.004,0.034,0.6370000000000001,0.325
2164,0.008,0.227,0.726,0.036,0.003
531,0.031,0.837,0.12400000000000003,0.008,0.0
1879,0.01,0.027000000000000003,0.07800000000000003,0.267,0.6180000000000001
2724,0.004,0.07600000000000001,0.27399999999999997,0.5790000000000001,0.067
2812,0.017,0.501,0.4669999999999999,0.015,0.0
484,0.267,0.692,0.039,0.002,0.0
2420,0.006,0.43200000000000005,0.549,0.012999999999999998,0.0
157,0.001,0.032,0.14799999999999996,0.585,0.23400000000000004
1453,0.282,0.691,0.026000000000000002,0.001,0.0
1315,0.018000000000000002,0.095,0.256,0.45499999999999996,0.176
1224,0.0,0.005,0.027000000000000003,0.5359999999999999,0.43200000000000005
1141,0.026999999999999996,0.665,0.258,0.04599999999999999,0.004
591,0.257,0.669,0.067,0.006999999999999999,0.0
1921,0.0,0.002,0.012,0.869,0.11699999999999999
2586,0.0,0.015,0.06700000000000002,0.596,0.322
1185,0.032,0.22000000000000003,0.527,0.18299999999999997,0.038
902,0.001,0.049,0.142,0.505,0.30300000000000005
128,0.003,0.088,0.261,0.561,0.08700000000000001
191,0.0,0.011,0.05500000000000001,0.663,0.271
449,0.595,0.39399999999999996,0.006,0.005,0.0
2388,0.671,0.313,0.011,0.005,0.0
1956,0.0,0.018,0.052000000000000005,0.563,0.367
95,0.0,0.047,0.24700000000000003,0.696,0.01
1684,0.9720000000000002,0.025,0.003,0.0,0.0
1881,0.001,0.005,0.036,0.773,0.185
849,0.028000000000000004,0.382,0.5700000000000001,0.019999999999999997,0.0
2521,0.008,0.508,0.387,0.078,0.018999999999999996
2037,0.0,0.009,0.034999999999999996,0.421,0.5349999999999999
1298,0.003,0.002,0.017,0.22399999999999998,0.7539999999999999
1208,0.005,0.081,0.558,0.327,0.028999999999999998
2790,0.001,0.508,0.48900000000000005,0.002,0.0
2723,0.002,0.004,0.06499999999999999,0.5109999999999999,0.418
1410,0.008,0.09299999999999999,0.251,0.557,0.091
1846,0.003,0.042,0.837,0.10600000000000001,0.012
1034,0.001,0.004,0.125,0.7969999999999999,0.073
2765,0.01,0.135,0.28,0.445,0.13000000000000003
967,0.9449999999999997,0.05500000000000001,0.0,0.0,0.0
2372,0.0,0.0,0.008,0.10900000000000001,0.883
1120,0.012,0.671,0.31199999999999994,0.005,0.0
1937,0.002,0.016000000000000004,0.052000000000000005,0.603,0.327
951,0.005,0.10900000000000001,0.356,0.47000000000000003,0.06000000000000001
1903,0.0,0.001,0.006,0.093,0.8999999999999998
2088,0.006,0.043000000000000003,0.135,0.488,0.32799999999999996
2221,0.009000000000000001,0.17800000000000002,0.41400000000000003,0.32599999999999996,0.07300000000000001
2890,0.133,0.23700000000000004,0.26399999999999996,0.32900000000000007,0.037
1533,0.018000000000000002,0.184,0.38199999999999995,0.33599999999999997,0.08
1571,0.023000000000000003,0.45999999999999996,0.44400000000000006,0.065,0.008
2287,0.0,0.001,0.002,0.031,0.966
378,0.012999999999999998,0.254,0.5,0.205,0.028000000000000004
2082,0.01,0.12400000000000003,0.168,0.343,0.355
1294,0.004,0.047,0.12200000000000003,0.378,0.44899999999999995
1445,0.0,0.03,0.143,0.719,0.10800000000000001
2263,0.14200000000000002,0.8520000000000001,0.004,0.002,0.0
2192,0.0,0.0,0.009,0.41200000000000003,0.579
247,0.019,0.8950000000000001,0.081,0.005,0.0
1263,0.003,0.028000000000000004,0.217,0.5980000000000001,0.15399999999999997
2310,0.004,0.08099999999999999,0.799,0.095,0.020999999999999998
2602,0.004,0.10700000000000001,0.15999999999999998,0.43999999999999995,0.28900000000000003
1040,0.0,0.0,0.0,0.015000000000000003,0.9850000000000001
1672,0.009,0.040999999999999995,0.15100000000000002,0.506,0.29300000000000004
626,0.041999999999999996,0.33499999999999996,0.509,0.10299999999999998,0.011000000000000001
1635,0.8960000000000001,0.10200000000000001,0.002,0.0,0.0
1052,0.9440000000000002,0.032,0.020999999999999998,0.003,0.0
2334,0.932,0.05,0.011999999999999999,0.006,0.0
1069,0.7789999999999999,0.203,0.016,0.002,0.0
130,0.0,0.017,0.06300000000000001,0.38499999999999995,0.5349999999999999
2045,0.083,0.328,0.213,0.22399999999999998,0.15200000000000002
2677,0.002,0.008,0.020999999999999998,0.314,0.655
1929,0.0,0.006,0.031,0.701,0.26200000000000007
1530,0.007000000000000001,0.176,0.3370000000000001,0.3510000000000001,0.129
1361,0.007000000000000001,0.08700000000000002,0.23099999999999996,0.5090000000000001,0.16599999999999998
1698,0.134,0.8619999999999999,0.004,0.0,0.0
2643,0.001,0.002,0.016000000000000004,0.27999999999999997,0.7010000000000001
1832,0.6,0.329,0.053000000000000005,0.016999999999999998,0.001
163,0.001,0.014000000000000002,0.05800000000000001,0.7140000000000001,0.21300000000000002
839,0.027000000000000003,0.495,0.41100000000000003,0.06100000000000001,0.006
2928,0.002,0.136,0.4629999999999999,0.318,0.08099999999999999
1359,0.001,0.007000000000000001,0.027000000000000003,0.139,0.826
2600,0.001,0.028000000000000008,0.08900000000000001,0.5330000000000001,0.3489999999999999
519,0.039,0.533,0.39899999999999997,0.026000000000000002,0.003
918,0.11700000000000002,0.36,0.279,0.19899999999999998,0.045
2891,0.422,0.521,0.039999999999999994,0.016,0.001
2289,0.0,0.0,0.003,0.10600000000000001,0.8909999999999998
516,0.012,0.41500000000000004,0.483,0.08,0.01
1554,0.0,0.005,0.028000000000000004,0.21100000000000002,0.756
296,0.29700000000000004,0.562,0.10400000000000001,0.034999999999999996,0.002
1064,0.827,0.155,0.012,0.006,0.0
728,0.027000000000000003,0.28400000000000003,0.30799999999999994,0.31799999999999995,0.06299999999999999
1195,0.003,0.067,0.089,0.74,0.10100000000000002
2768,0.004,0.029999999999999992,0.15499999999999997,0.702,0.10900000000000001
546,0.004,0.259,0.6809999999999999,0.048,0.008
389,0.003,0.057999999999999996,0.403,0.4670000000000001,0.069
2526,0.005,0.097,0.556,0.296,0.04599999999999999
2929,0.08,0.714,0.17200000000000001,0.026000000000000002,0.008
2550,0.001,0.012,0.06400000000000002,0.7969999999999999,0.12600000000000003
2010,0.0,0.015,0.08299999999999999,0.40099999999999997,0.501
1960,0.0,0.015000000000000003,0.062,0.625,0.29800000000000004
2249,0.002,0.009,0.129,0.7230000000000001,0.137
81,0.004,0.041,0.573,0.33799999999999997,0.044
2581,0.0,0.036,0.13600000000000004,0.6659999999999999,0.162
2729,0.0,0.017,0.121,0.607,0.255
466,0.007000000000000001,0.039,0.9340000000000002,0.018,0.002
1750,0.005,0.28099999999999997,0.71,0.004,0.0
610,0.006,0.088,0.5650000000000001,0.321,0.02
2473,0.005,0.035,0.16899999999999998,0.673,0.11800000000000002
2395,0.8370000000000001,0.14100000000000001,0.007000000000000001,0.015000000000000003,0.0
1435,0.01,0.624,0.317,0.047,0.002
2227,0.015,0.072,0.315,0.45899999999999996,0.139
1244,0.001,0.001,0.004,0.874,0.12
2877,0.0,0.020999999999999998,0.10500000000000001,0.655,0.219
238,0.003,0.023999999999999997,0.134,0.5839999999999999,0.255
1601,0.0,0.006999999999999999,0.038,0.5429999999999999,0.41200000000000003
1043,0.0,0.0,0.001,0.009999999999999998,0.9890000000000001
1768,0.025,0.8430000000000002,0.12700000000000003,0.005,0.0
1997,0.081,0.29000000000000004,0.242,0.251,0.136
2629,0.0,0.0,0.009999999999999998,0.7099999999999999,0.28
1905,0.004,0.167,0.5269999999999999,0.28900000000000003,0.013000000000000001
1493,0.004,0.23299999999999996,0.703,0.06000000000000001,0.0
1616,0.0,0.061,0.867,0.06100000000000001,0.011000000000000001
2022,0.006999999999999999,0.21200000000000002,0.2,0.4050000000000001,0.176
737,0.0,0.0,0.009999999999999998,0.221,0.7689999999999999
1862,0.024999999999999998,0.9119999999999999,0.052000000000000005,0.009999999999999998,0.001
682,0.0,0.001,0.003,0.29100000000000004,0.705
1841,0.002,0.06300000000000001,0.6609999999999999,0.267,0.007000000000000001
129,0.0,0.009999999999999998,0.033,0.441,0.516
1909,0.012,0.07899999999999999,0.42000000000000004,0.4130000000000001,0.076
2000,0.014000000000000002,0.06899999999999999,0.12200000000000003,0.45600000000000007,0.33899999999999997
1269,0.001,0.025,0.181,0.642,0.15099999999999997
2759,0.639,0.32199999999999995,0.036000000000000004,0.003,0.0
2798,0.06999999999999999,0.776,0.14499999999999996,0.009000000000000001,0.0
950,0.0,0.005,0.08600000000000001,0.6689999999999999,0.24
837,0.019999999999999997,0.49400000000000005,0.42700000000000005,0.05700000000000001,0.002
1966,0.004,0.040999999999999995,0.21799999999999997,0.6130000000000001,0.124
2494,0.0,0.002,0.011999999999999999,0.6609999999999999,0.325
1317,0.006,0.04599999999999999,0.18,0.3989999999999999,0.369
1675,0.0,0.0,0.0,0.032999999999999995,0.967
2016,0.0,0.011,0.022,0.458,0.509
2273,0.038,0.273,0.336,0.261,0.092
1060,0.8380000000000001,0.16099999999999998,0.001,0.0,0.0
1151,0.001,0.008,0.07,0.7020000000000001,0.219
2212,0.006999999999999999,0.031000000000000007,0.144,0.492,0.32599999999999996
681,0.0,0.003,0.026000000000000002,0.512,0.45899999999999996
1079,0.018,0.5740000000000001,0.33799999999999997,0.06100000000000001,0.009
2619,0.0,0.038,0.06900000000000002,0.6300000000000001,0.263
2209,0.007000000000000001,0.16199999999999998,0.179,0.475,0.17699999999999996
908,0.003,0.031000000000000007,0.15,0.6180000000000001,0.198
532,0.005,0.35100000000000003,0.6239999999999999,0.02,0.0
2197,0.0,0.0,0.004,0.13699999999999998,0.859
1097,0.004,0.17099999999999999,0.7760000000000001,0.047,0.002
2876,0.0,0.0,0.004,0.17600000000000002,0.82
2652,0.003,0.031000000000000007,0.11400000000000002,0.5559999999999998,0.296
1995,0.006,0.067,0.12100000000000002,0.429,0.377
33,0.002,0.020999999999999998,0.16999999999999998,0.759,0.048
1057,0.9490000000000001,0.043,0.006,0.002,0.0
1980,0.0,0.016999999999999998,0.045,0.34500000000000003,0.593
322,0.001,0.039,0.29399999999999993,0.5569999999999999,0.10900000000000001
2712,0.0,0.01,0.125,0.7200000000000001,0.145
1615,0.017,0.465,0.492,0.024999999999999998,0.001
1062,0.747,0.251,0.001,0.001,0.0
321,0.892,0.09899999999999999,0.009,0.0,0.0
477,0.006999999999999999,0.287,0.6699999999999999,0.036000000000000004,0.0
2191,0.0,0.0,0.013999999999999999,0.331,0.655
2226,0.07600000000000001,0.44399999999999995,0.25599999999999995,0.19,0.033999999999999996
1632,0.028000000000000004,0.5610000000000002,0.26600000000000007,0.13000000000000003,0.015
1222,0.0,0.004,0.017,0.16099999999999998,0.818
234,0.013999999999999999,0.14600000000000002,0.31799999999999995,0.40800000000000003,0.11400000000000003
540,0.0,0.012,0.03500000000000001,0.748,0.20500000000000002
1270,0.004,0.03200000000000001,0.098,0.723,0.14300000000000002
1439,0.006,0.6369999999999999,0.347,0.009999999999999998,0.0
2569,0.0,0.003,0.012,0.5,0.485
143,0.0,0.001,0.026000000000000002,0.754,0.219
505,0.014000000000000002,0.7539999999999999,0.21800000000000003,0.013999999999999999,0.0
2253,0.003,0.028999999999999998,0.13999999999999999,0.53,0.29800000000000004
1326,0.0,0.002,0.008,0.39399999999999996,0.596
731,0.002,0.047,0.20800000000000002,0.45599999999999996,0.287
2501,0.834,0.143,0.012999999999999998,0.009999999999999998,0.0
2775,0.028000000000000004,0.7379999999999999,0.225,0.009,0.0
818,0.7899999999999999,0.17099999999999999,0.036000000000000004,0.003,0.0
2539,0.005,0.024,0.091,0.783,0.097
2046,0.0,0.001,0.016999999999999998,0.322,0.6599999999999999
442,0.7220000000000001,0.253,0.019,0.005,0.001
1343,0.0,0.005,0.015,0.144,0.836
1693,0.9730000000000001,0.024999999999999998,0.002,0.0,0.0
2153,0.08,0.6889999999999998,0.215,0.016,0.0
2819,0.0,0.015,0.078,0.608,0.29900000000000004
1888,0.003,0.018000000000000002,0.069,0.693,0.217
436,0.6799999999999999,0.255,0.027000000000000003,0.038000000000000006,0.0
2628,0.0,0.0,0.006,0.9,0.094
915,0.004,0.157,0.201,0.48900000000000005,0.149
2709,0.004,0.10900000000000001,0.3949999999999999,0.42700000000000005,0.06499999999999999
2014,0.0,0.004,0.019,0.47000000000000003,0.5069999999999999
1505,0.001,0.024,0.026000000000000002,0.282,0.667
1130,0.014000000000000002,0.617,0.356,0.012,0.001
2635,0.040999999999999995,0.15399999999999997,0.178,0.457,0.17
2599,0.0,0.001,0.016,0.24400000000000005,0.7390000000000001
1751,0.001,0.051000000000000004,0.82,0.125,0.003
760,0.0,0.012,0.06800000000000002,0.523,0.39699999999999996
435,0.8859999999999999,0.10999999999999999,0.004,0.0,0.0
2912,0.013000000000000001,0.08300000000000002,0.227,0.632,0.045
1906,0.0,0.002,0.017,0.8360000000000001,0.14499999999999996
657,0.0,0.009,0.027000000000000003,0.231,0.733
7,0.02,0.16999999999999998,0.7540000000000001,0.05500000000000001,0.001
1248,0.02,0.22199999999999998,0.314,0.403,0.041
2919,0.0,0.001,0.0,0.013000000000000001,0.986
685,0.0,0.026000000000000002,0.12499999999999997,0.508,0.34099999999999997
486,0.002,0.11000000000000001,0.7230000000000001,0.157,0.008
461,0.05700000000000001,0.754,0.177,0.011,0.001
569,0.045000000000000005,0.41200000000000003,0.362,0.16799999999999998,0.013000000000000001
65,0.8159999999999998,0.172,0.006999999999999999,0.005,0.0
2503,0.37,0.55,0.06400000000000002,0.016,0.0
362,0.002,0.059,0.43100000000000005,0.485,0.023
1945,0.11300000000000002,0.21999999999999997,0.264,0.282,0.12100000000000002
2577,0.0,0.022,0.207,0.687,0.08399999999999999
2211,0.014000000000000002,0.193,0.40099999999999997,0.344,0.04800000000000001
1206,0.0,0.005,0.003,0.355,0.637
2673,0.004,0.07,0.20199999999999996,0.5330000000000001,0.191
2089,0.023,0.28500000000000003,0.394,0.253,0.045
395,0.001,0.008,0.08299999999999999,0.681,0.227
455,0.016,0.6899999999999998,0.276,0.017,0.001
1515,0.0,0.082,0.11200000000000002,0.39099999999999996,0.41500000000000004
488,0.0,0.089,0.8879999999999999,0.018000000000000002,0.005
1345,0.015000000000000003,0.14399999999999996,0.24900000000000003,0.45299999999999996,0.13899999999999996
884,0.005,0.03899999999999999,0.068,0.4050000000000001,0.483
2238,0.0,0.009000000000000001,0.019,0.29900000000000004,0.673
1659,0.015,0.251,0.6040000000000001,0.11200000000000002,0.018
222,0.0,0.005,0.036000000000000004,0.783,0.17600000000000002
2672,0.006,0.178,0.32700000000000007,0.31000000000000005,0.179
218,0.001,0.012,0.10900000000000001,0.711,0.16699999999999998
777,0.003,0.06600000000000002,0.395,0.397,0.139
616,0.002,0.10800000000000001,0.384,0.41,0.09599999999999999
2092,0.248,0.6,0.11200000000000002,0.038,0.002
2745,0.0,0.024000000000000004,0.123,0.571,0.282
598,0.002,0.041,0.567,0.367,0.023
160,0.22800000000000004,0.44299999999999995,0.23100000000000004,0.089,0.009
996,0.001,0.067,0.8959999999999999,0.027000000000000003,0.009
2394,0.8870000000000001,0.10899999999999999,0.002,0.002,0.0
1183,0.32,0.515,0.121,0.043,0.001
483,0.049999999999999996,0.8979999999999999,0.05,0.002,0.0
2872,0.0,0.001,0.006,0.205,0.788
432,0.961,0.025,0.003,0.011,0.0
194,0.0,0.0,0.006,0.196,0.798
758,0.0,0.022,0.049,0.442,0.487
2502,0.10500000000000001,0.867,0.024,0.004,0.0
1782,0.5810000000000001,0.39599999999999996,0.023,0.0,0.0
2390,0.627,0.347,0.018,0.008,0.0
559,0.004,0.009,0.024,0.834,0.129
2818,0.0,0.006,0.018999999999999996,0.4499999999999999,0.525
437,0.4680000000000001,0.524,0.007999999999999998,0.0,0.0
2592,0.087,0.306,0.23200000000000004,0.28099999999999997,0.09400000000000001
2181,0.8019999999999999,0.043,0.087,0.06800000000000002,0.0
326,0.0,0.0,0.002,0.049,0.9489999999999998
1226,0.014000000000000002,0.11700000000000002,0.371,0.43999999999999995,0.05800000000000001
2064,0.003,0.04699999999999999,0.227,0.6349999999999999,0.088
2764,0.003,0.17099999999999999,0.30300000000000005,0.3940000000000001,0.129
1036,0.0,0.0,0.015,0.663,0.32200000000000006
64,0.054000000000000006,0.43599999999999994,0.442,0.063,0.005
445,0.254,0.7150000000000001,0.028000000000000004,0.003,0.0
197,0.0,0.0,0.026000000000000002,0.527,0.44700000000000006
642,0.0,0.002,0.024,0.861,0.11299999999999999
1991,0.004,0.024,0.095,0.557,0.32
823,0.022000000000000002,0.726,0.24700000000000003,0.005,0.0
1634,0.051000000000000004,0.425,0.4870000000000001,0.032999999999999995,0.004
1156,0.004,0.06000000000000001,0.28099999999999997,0.5189999999999999,0.136
141,0.018999999999999996,0.182,0.404,0.3430000000000001,0.052000000000000005
1696,0.675,0.306,0.015000000000000003,0.004,0.0
2811,0.002,0.5800000000000001,0.40700000000000003,0.01,0.001
2804,0.189,0.7230000000000001,0.078,0.008,0.002
2544,0.026000000000000002,0.23400000000000004,0.327,0.32399999999999995,0.089
2347,0.065,0.48199999999999993,0.392,0.054000000000000006,0.007000000000000001
1012,0.8959999999999999,0.10200000000000001,0.002,0.0,0.0
132,0.0,0.07999999999999999,0.361,0.491,0.068
922,0.003,0.025,0.10100000000000002,0.6069999999999999,0.264
16,0.051000000000000004,0.359,0.36700000000000005,0.189,0.033999999999999996
1574,0.4790000000000001,0.5069999999999999,0.013000000000000001,0.001,0.0
1044,0.0,0.0,0.0,0.012,0.9880000000000001
1288,0.121,0.31,0.24500000000000002,0.244,0.08
2487,0.002,0.047,0.11600000000000002,0.4119999999999999,0.42300000000000004
1568,0.0,0.036000000000000004,0.16999999999999998,0.506,0.288
1275,0.0,0.005,0.024,0.506,0.465
1460,0.399,0.5640000000000001,0.034,0.002,0.001
2785,0.0,0.0,0.017,0.522,0.46099999999999997
1519,0.008,0.11299999999999999,0.23699999999999996,0.43999999999999995,0.202
1669,0.0,0.001,0.004,0.46299999999999997,0.532
1295,0.011,0.041999999999999996,0.10200000000000002,0.33,0.5149999999999999
2579,0.0,0.018000000000000002,0.131,0.78,0.071
1920,0.001,0.047999999999999994,0.20000000000000004,0.5559999999999999,0.19499999999999998
1303,0.0,0.002,0.003,0.301,0.6940000000000001
1761,0.876,0.11400000000000002,0.008999999999999998,0.001,0.0
857,0.004,0.045,0.18099999999999997,0.591,0.179
584,0.001,0.051000000000000004,0.477,0.429,0.041999999999999996
864,0.336,0.6399999999999999,0.022,0.002,0.0
1132,0.003,0.47800000000000004,0.497,0.019999999999999997,0.002
1813,0.061,0.792,0.13300000000000003,0.009999999999999998,0.004
1192,0.0,0.016,0.384,0.5210000000000001,0.079
2748,0.037,0.651,0.30400000000000005,0.008,0.0
1804,0.4579999999999999,0.44799999999999995,0.06799999999999999,0.025,0.001
1611,0.003,0.23700000000000002,0.507,0.233,0.02
444,0.31199999999999994,0.6369999999999999,0.048,0.002,0.001
2379,0.8779999999999999,0.10300000000000002,0.013000000000000001,0.006,0.0
1420,0.041999999999999996,0.885,0.06900000000000002,0.004,0.0
1214,0.0,0.002,0.033,0.6629999999999999,0.30199999999999994
2836,0.001,0.017,0.040999999999999995,0.288,0.653
94,0.007000000000000001,0.213,0.533,0.24200000000000005,0.005
1323,0.0,0.004,0.004,0.45100000000000007,0.541
596,0.022,0.33799999999999997,0.457,0.156,0.027000000000000003
1662,0.0,0.004,0.06100000000000001,0.4870000000000001,0.44800000000000006
398,0.0,0.001,0.006,0.6370000000000001,0.356
631,0.009000000000000001,0.094,0.43100000000000005,0.398,0.06799999999999999
1367,0.001,0.018,0.038,0.31,0.633
139,0.03400000000000001,0.8009999999999999,0.15,0.015,0.0
2051,0.0,0.0,0.011,0.625,0.364
2281,0.002,0.092,0.195,0.616,0.095
714,0.0,0.002,0.006,0.211,0.7809999999999999
2432,0.059,0.225,0.69,0.026000000000000002,0.0
151,0.001,0.003,0.03899999999999999,0.506,0.45099999999999996
1169,0.36700000000000005,0.47400000000000003,0.133,0.024,0.002
1766,0.22999999999999998,0.739,0.027000000000000003,0.003,0.001
2516,0.14899999999999997,0.765,0.07,0.012,0.004
548,0.006,0.159,0.6609999999999999,0.16599999999999998,0.008
125,0.026000000000000002,0.12500000000000003,0.12200000000000003,0.426,0.30099999999999993
1121,0.059,0.534,0.394,0.012999999999999998,0.0
2807,0.024,0.7499999999999998,0.19599999999999998,0.028000000000000004,0.002
2202,0.0,0.03,0.10200000000000001,0.514,0.354
2478,0.0,0.16799999999999998,0.772,0.055999999999999994,0.004
1061,0.417,0.526,0.05,0.005,0.002
2117,0.033,0.38,0.4109999999999999,0.15699999999999997,0.018999999999999996
1734,0.06400000000000002,0.174,0.629,0.133,0.0
2284,0.002,0.023,0.125,0.5980000000000001,0.25200000000000006
2852,0.002,0.019,0.048,0.366,0.5650000000000002
701,0.002,0.054000000000000006,0.075,0.5439999999999999,0.32500000000000007
2264,0.003,0.11900000000000002,0.602,0.248,0.028000000000000004
892,0.0,0.012,0.038,0.844,0.10600000000000001
288,0.001,0.038,0.179,0.5440000000000002,0.238
359,0.002,0.071,0.558,0.34900000000000003,0.02
2809,0.001,0.123,0.8649999999999999,0.01,0.001
2517,0.002,0.13599999999999998,0.387,0.44700000000000006,0.028000000000000004
2002,0.0,0.001,0.010999999999999998,0.32499999999999996,0.663
796,0.006,0.039999999999999994,0.20599999999999996,0.6010000000000001,0.147
2009,0.0,0.006999999999999999,0.036,0.43100000000000005,0.526
1743,0.198,0.5640000000000001,0.23700000000000002,0.0,0.001
2463,0.207,0.7310000000000001,0.054000000000000006,0.007000000000000001,0.001
1204,0.0,0.004,0.007000000000000001,0.29700000000000004,0.692
694,0.003,0.05700000000000001,0.094,0.481,0.36500000000000005
1919,0.0,0.001,0.006,0.9559999999999998,0.037
734,0.003,0.016,0.048,0.32799999999999996,0.6049999999999999
1023,0.014000000000000002,0.10900000000000001,0.388,0.43600000000000005,0.053000000000000005
1352,0.01,0.12399999999999997,0.19799999999999998,0.44400000000000006,0.22400000000000003
2908,0.0,0.013000000000000001,0.078,0.24300000000000002,0.666
1964,0.0,0.0,0.033999999999999996,0.747,0.21899999999999994
2923,0.008,0.043000000000000003,0.24699999999999997,0.635,0.06699999999999999
2217,0.0,0.027000000000000003,0.06899999999999999,0.589,0.31500000000000006
1293,0.0,0.025,0.086,0.507,0.382
2737,0.18999999999999997,0.41100000000000003,0.225,0.153,0.020999999999999998
795,0.004,0.057999999999999996,0.14600000000000002,0.6319999999999999,0.16
738,0.001,0.01,0.025000000000000005,0.29400000000000004,0.67
10,0.001,0.10700000000000001,0.874,0.015000000000000003,0.003
1369,0.001,0.016999999999999998,0.06100000000000001,0.24300000000000002,0.6779999999999999
2348,0.006,0.29100000000000004,0.561,0.124,0.018000000000000002
0,0.017,0.24700000000000003,0.38000000000000006,0.32199999999999995,0.03400000000000001
525,0.155,0.8290000000000001,0.015999999999999997,0.0,0.0
360,0.002,0.078,0.758,0.15200000000000002,0.01
2917,0.0,0.0,0.001,0.01,0.9890000000000001
2915,0.005,0.05900000000000001,0.266,0.5890000000000001,0.081
248,0.005,0.041999999999999996,0.176,0.7390000000000001,0.038000000000000006
1089,0.007000000000000001,0.31999999999999995,0.6389999999999999,0.034,0.0
2078,0.06200000000000001,0.489,0.23700000000000002,0.19399999999999998,0.018000000000000002
1654,0.004,0.18399999999999997,0.554,0.22400000000000003,0.03400000000000001
1882,0.0,0.006,0.020999999999999998,0.7619999999999999,0.211
836,0.003,0.009,0.036000000000000004,0.86,0.092
1046,0.0,0.009000000000000001,0.096,0.7110000000000001,0.184
848,0.016,0.852,0.11600000000000002,0.014000000000000002,0.002
1577,0.0,0.048,0.585,0.29500000000000004,0.072
1490,0.0,0.012,0.126,0.726,0.13600000000000004
2036,0.01,0.155,0.148,0.46799999999999997,0.219
2344,0.10200000000000001,0.513,0.298,0.07600000000000001,0.011
2035,0.039,0.246,0.29,0.356,0.069
1815,0.003,0.023,0.11300000000000002,0.46699999999999997,0.39399999999999996
985,0.011,0.06799999999999999,0.261,0.545,0.11500000000000002
447,0.884,0.11200000000000002,0.003,0.001,0.0
258,0.002,0.24500000000000002,0.7170000000000001,0.034,0.002
1986,0.002,0.032999999999999995,0.13800000000000004,0.43000000000000005,0.39699999999999996
1177,0.457,0.4109999999999999,0.08500000000000002,0.04599999999999999,0.001
558,0.001,0.011,0.05900000000000001,0.608,0.321
1614,0.28200000000000003,0.545,0.13899999999999998,0.032,0.002
1996,0.003,0.036,0.129,0.47800000000000004,0.354
269,0.0,0.004,0.009999999999999998,0.975,0.011
70,0.07900000000000001,0.8089999999999999,0.10200000000000001,0.006999999999999999,0.003
1436,0.004,0.21200000000000002,0.776,0.007999999999999998,0.0
417,0.0,0.013000000000000001,0.037,0.42700000000000005,0.5229999999999999
816,0.14200000000000002,0.7459999999999999,0.069,0.041,0.002
2373,0.0,0.012,0.11299999999999999,0.71,0.16499999999999998
485,0.013999999999999999,0.766,0.19499999999999998,0.024,0.001
749,0.003,0.05399999999999999,0.11000000000000001,0.5860000000000001,0.24700000000000003
2247,0.006,0.13799999999999998,0.39299999999999996,0.40199999999999997,0.06100000000000001
111,0.202,0.64,0.11699999999999999,0.036000000000000004,0.005
50,0.0,0.08000000000000002,0.6430000000000001,0.271,0.006
1451,0.0,0.0,0.011,0.48,0.5090000000000001
2177,0.002,0.028999999999999998,0.14400000000000004,0.7060000000000001,0.119
2509,0.001,0.011,0.17099999999999999,0.788,0.029000000000000005
1855,0.016999999999999998,0.42000000000000004,0.4,0.13799999999999998,0.025000000000000005
743,0.0,0.001,0.014000000000000002,0.202,0.783
1077,0.0,0.07800000000000001,0.6309999999999999,0.28500000000000003,0.006
2881,0.0,0.014000000000000002,0.035,0.321,0.6300000000000001
797,0.0,0.003,0.025,0.348,0.6240000000000001
51,0.01,0.16499999999999998,0.77,0.052000000000000005,0.003
103,0.001,0.042,0.29,0.6350000000000001,0.03200000000000001
1739,0.003,0.078,0.8400000000000001,0.07700000000000001,0.002
2486,0.011,0.065,0.099,0.6220000000000001,0.203
612,0.007000000000000001,0.14899999999999997,0.385,0.398,0.06100000000000001
137,0.071,0.6159999999999999,0.22199999999999998,0.081,0.01
753,0.001,0.043,0.042,0.34800000000000003,0.5660000000000001
2023,0.005,0.041,0.13800000000000004,0.5290000000000001,0.28700000000000003
1403,0.011,0.09800000000000002,0.327,0.48100000000000004,0.08299999999999999
1857,0.036,0.5000000000000001,0.32399999999999995,0.12,0.02
2434,0.087,0.752,0.15700000000000003,0.004,0.0
86,0.0,0.0,0.002,0.493,0.5050000000000001
861,0.001,0.003,0.032999999999999995,0.73,0.233
1274,0.0,0.0,0.015,0.45499999999999996,0.53
1827,0.20099999999999998,0.708,0.082,0.007999999999999998,0.001
842,0.016999999999999998,0.554,0.399,0.026999999999999996,0.003
1335,0.0,0.003,0.059,0.27199999999999996,0.666
2024,0.001,0.015,0.048,0.5339999999999999,0.402
2354,0.016999999999999998,0.16699999999999998,0.579,0.217,0.02
2052,0.006,0.096,0.229,0.575,0.094
890,0.0,0.008,0.14500000000000002,0.687,0.15999999999999998
992,0.001,0.076,0.8460000000000001,0.06900000000000002,0.008
964,0.13999999999999999,0.6049999999999999,0.22199999999999998,0.03,0.003
619,0.0,0.001,0.009000000000000001,0.704,0.2859999999999999
1318,0.023,0.079,0.16099999999999998,0.305,0.43200000000000005
462,0.001,0.366,0.6060000000000001,0.027000000000000003,0.0
1824,0.0,0.0,0.012999999999999998,0.8859999999999999,0.101
959,0.867,0.10800000000000001,0.017,0.008,0.0
2683,0.0,0.0,0.0,0.069,0.9310000000000003
2740,0.0,0.005,0.037,0.791,0.16699999999999998
2924,0.004,0.10300000000000001,0.24300000000000005,0.5359999999999999,0.11400000000000002
2746,0.006,0.225,0.562,0.172,0.03500000000000001
1539,0.10400000000000001,0.506,0.263,0.11200000000000003,0.015
2642,0.004,0.009999999999999998,0.041999999999999996,0.256,0.688
517,0.064,0.589,0.33799999999999997,0.009,0.0
2166,0.0,0.06000000000000001,0.851,0.07700000000000001,0.011999999999999999
858,0.0,0.012,0.084,0.649,0.255
1395,0.017,0.201,0.35,0.32699999999999996,0.10499999999999998
1780,0.962,0.030000000000000006,0.008,0.0,0.0
1779,0.033,0.8370000000000001,0.11600000000000002,0.012,0.002
2584,0.0,0.003,0.018999999999999996,0.703,0.275
556,0.0,0.004,0.024,0.736,0.23600000000000004
2298,0.0,0.067,0.175,0.40199999999999997,0.356
919,0.003,0.078,0.193,0.507,0.21899999999999994
1202,0.048,0.124,0.288,0.475,0.06500000000000002
2175,0.001,0.013000000000000001,0.21000000000000002,0.7020000000000001,0.074
1131,0.007000000000000001,0.029000000000000005,0.101,0.633,0.23000000000000004
745,0.001,0.009,0.06300000000000001,0.6659999999999999,0.26099999999999995
754,0.002,0.053000000000000005,0.131,0.502,0.312
66,0.11800000000000002,0.791,0.081,0.006,0.004
1526,0.003,0.043000000000000003,0.172,0.48900000000000005,0.29300000000000004
1391,0.007999999999999998,0.10700000000000001,0.274,0.522,0.089
1253,0.0,0.07400000000000001,0.07100000000000001,0.7470000000000001,0.10800000000000001
2121,0.005,0.18199999999999997,0.568,0.236,0.009
697,0.002,0.039,0.08700000000000001,0.433,0.43899999999999995
900,0.002,0.03300000000000001,0.20299999999999999,0.6729999999999999,0.08900000000000001
102,0.016,0.08300000000000002,0.493,0.40499999999999997,0.003
509,0.20400000000000001,0.785,0.011,0.0,0.0
315,0.07100000000000001,0.5849999999999999,0.32599999999999996,0.018,0.0
431,0.8780000000000001,0.093,0.013000000000000001,0.015,0.001
871,0.549,0.441,0.009000000000000001,0.001,0.0
2865,0.052000000000000005,0.262,0.32999999999999996,0.30699999999999994,0.048999999999999995
473,0.003,0.060999999999999985,0.6009999999999999,0.31699999999999995,0.018000000000000002
1592,0.007000000000000001,0.044,0.156,0.6180000000000001,0.17500000000000002
2669,0.0,0.005,0.006,0.11699999999999999,0.8720000000000001
650,0.001,0.101,0.25999999999999995,0.45,0.188
2738,0.017000000000000005,0.25,0.45299999999999996,0.24100000000000002,0.039
1671,0.0,0.0,0.012,0.5429999999999999,0.44499999999999995
775,0.001,0.004,0.026000000000000002,0.798,0.171
1111,0.11800000000000002,0.6990000000000001,0.16899999999999998,0.01,0.004
1310,0.001,0.009000000000000001,0.038,0.366,0.5860000000000001
2662,0.006,0.129,0.255,0.391,0.219
1364,0.002,0.014000000000000002,0.08,0.457,0.44699999999999995
634,0.013999999999999999,0.11099999999999999,0.32999999999999996,0.483,0.06200000000000001
2358,0.0,0.01,0.188,0.717,0.085
2163,0.007000000000000001,0.11699999999999999,0.724,0.14899999999999997,0.003
2307,0.038,0.24300000000000002,0.38399999999999995,0.30100000000000005,0.034
1147,0.048,0.6100000000000001,0.312,0.028000000000000004,0.002
1694,0.49799999999999994,0.46099999999999997,0.038,0.003,0.0
2397,0.889,0.101,0.009,0.001,0.0
1974,0.0,0.019999999999999997,0.09800000000000002,0.48,0.402
1656,0.020999999999999998,0.16099999999999998,0.41899999999999993,0.31399999999999995,0.08499999999999999
2174,0.0,0.022,0.16699999999999998,0.693,0.11800000000000002
2851,0.0,0.031000000000000007,0.122,0.4370000000000001,0.41000000000000003
1422,0.045000000000000005,0.434,0.465,0.05500000000000001,0.001
2875,0.0,0.001,0.0,0.053000000000000005,0.9460000000000001
145,0.0,0.027000000000000003,0.29500000000000004,0.6110000000000001,0.06699999999999999
703,0.0,0.003,0.027000000000000003,0.272,0.6980000000000001
1922,0.002,0.05500000000000001,0.251,0.6080000000000001,0.084
994,0.006,0.23700000000000002,0.679,0.073,0.005
195,0.002,0.018,0.048,0.568,0.36400000000000005
1291,0.0,0.05,0.078,0.366,0.506
380,0.016000000000000004,0.23900000000000002,0.567,0.13299999999999998,0.045
1680,0.001,0.038000000000000006,0.16499999999999998,0.6060000000000001,0.19
295,0.13799999999999998,0.417,0.23399999999999999,0.177,0.03400000000000001
2697,0.0,0.002,0.006,0.277,0.7150000000000001
981,0.002,0.027000000000000003,0.10900000000000001,0.655,0.207
2187,0.0,0.01,0.026000000000000002,0.264,0.7
2800,0.073,0.7170000000000001,0.119,0.084,0.007000000000000001
1265,0.155,0.45599999999999996,0.28400000000000003,0.083,0.022
231,0.001,0.029000000000000005,0.10600000000000001,0.6689999999999999,0.19499999999999998
179,0.013000000000000001,0.05900000000000001,0.23700000000000002,0.5360000000000001,0.155
1987,0.0,0.006,0.009,0.191,0.794
1109,0.626,0.344,0.026000000000000006,0.004,0.0
1261,0.001,0.01,0.10300000000000001,0.7020000000000001,0.184
2524,0.039,0.24700000000000003,0.533,0.163,0.018000000000000002
1468,0.0,0.005,0.009,0.976,0.009999999999999998
2235,0.0,0.003,0.008,0.15100000000000002,0.8379999999999999
457,0.9040000000000001,0.09400000000000001,0.002,0.0,0.0
2382,0.916,0.068,0.013000000000000001,0.003,0.0
2058,0.0,0.0,0.005,0.47300000000000003,0.522
2926,0.0,0.004,0.023,0.833,0.13999999999999999
1188,0.005,0.11699999999999999,0.43100000000000005,0.348,0.099
2067,0.009,0.03799999999999999,0.175,0.5549999999999999,0.223
1196,0.003,0.08299999999999999,0.11600000000000002,0.6910000000000001,0.10700000000000001
893,0.0,0.009000000000000001,0.018000000000000002,0.30500000000000005,0.668
639,0.015000000000000003,0.126,0.466,0.31500000000000006,0.078
2160,0.006,0.14299999999999996,0.805,0.045,0.001
98,0.001,0.038,0.44000000000000006,0.504,0.017
1449,0.011999999999999999,0.11699999999999999,0.311,0.45099999999999996,0.10900000000000001
1211,0.0,0.007999999999999998,0.10200000000000001,0.834,0.05600000000000001
1900,0.0,0.014000000000000002,0.06100000000000001,0.619,0.30600000000000005
515,0.016999999999999998,0.38999999999999996,0.5660000000000001,0.025,0.002
870,0.098,0.7609999999999999,0.13400000000000004,0.005,0.002
1239,0.0,0.018000000000000002,0.34,0.584,0.05800000000000001
1803,0.207,0.74,0.048,0.005,0.0
1586,0.187,0.784,0.023,0.006,0.0
1599,0.0,0.009,0.039,0.213,0.739
1370,0.0,0.015,0.10300000000000001,0.5609999999999999,0.32100000000000006
2831,0.0,0.04700000000000001,0.083,0.861,0.008999999999999998
2459,0.08,0.753,0.154,0.012,0.001
1861,0.033999999999999996,0.39999999999999997,0.264,0.24899999999999997,0.05299999999999999
1752,0.011,0.65,0.328,0.008,0.003
622,0.016,0.06699999999999999,0.12000000000000002,0.742,0.05500000000000001
2534,0.0,0.046,0.16599999999999998,0.6239999999999999,0.16399999999999998
2561,0.004,0.13299999999999998,0.15300000000000002,0.522,0.188
1984,0.0,0.001,0.002,0.182,0.8150000000000001
2213,0.09,0.31,0.21599999999999997,0.274,0.10999999999999999
1205,0.0,0.002,0.003,0.368,0.6270000000000001
1785,0.339,0.6140000000000001,0.039,0.008,0.0
127,0.065,0.2720000000000001,0.293,0.321,0.049
2266,0.092,0.4840000000000001,0.362,0.05600000000000001,0.006
2222,0.099,0.388,0.281,0.19499999999999998,0.037000000000000005
47,0.613,0.36300000000000004,0.022,0.002,0.0
522,0.051000000000000004,0.726,0.21800000000000003,0.005,0.0
2188,0.0,0.007000000000000001,0.032,0.48,0.48100000000000004
2230,0.26799999999999996,0.42400000000000004,0.217,0.082,0.009
2684,0.0,0.0,0.009,0.246,0.745
2321,0.196,0.5710000000000001,0.205,0.026000000000000002,0.002
1764,0.9090000000000001,0.07899999999999999,0.004,0.008,0.0
2769,0.002,0.006,0.1,0.834,0.05800000000000001
2054,0.0,0.001,0.051000000000000004,0.5539999999999999,0.39399999999999996
2433,0.002,0.199,0.784,0.013999999999999999,0.001
1981,0.004,0.030000000000000006,0.11699999999999999,0.48500000000000004,0.364
912,0.021,0.097,0.24900000000000003,0.4090000000000001,0.22400000000000003
414,0.0,0.015,0.125,0.8099999999999999,0.049999999999999996
1951,0.001,0.006,0.012,0.09200000000000001,0.8889999999999999
1194,0.0,0.026000000000000002,0.049999999999999996,0.812,0.11200000000000002
1884,0.0,0.005,0.009000000000000001,0.592,0.394
2299,0.001,0.0,0.018999999999999996,0.6280000000000001,0.352
2597,0.0,0.006,0.028000000000000004,0.29700000000000004,0.6689999999999999
2076,0.0,0.013999999999999999,0.037,0.32699999999999996,0.6220000000000001
350,0.186,0.7500000000000001,0.060999999999999985,0.003,0.0
2616,0.041999999999999996,0.15899999999999997,0.294,0.33099999999999996,0.174
1729,0.012,0.059,0.884,0.045,0.0
346,0.005,0.096,0.651,0.22700000000000004,0.020999999999999998
2505,0.075,0.49000000000000005,0.369,0.05900000000000001,0.007000000000000001
604,0.026000000000000002,0.083,0.12700000000000006,0.657,0.10700000000000001
2547,0.001,0.02,0.42700000000000005,0.48099999999999987,0.071
802,0.39699999999999996,0.47700000000000004,0.1,0.026000000000000002,0.0
2654,0.0,0.0,0.009,0.397,0.5940000000000001
1441,0.012999999999999998,0.721,0.26,0.005,0.001
944,0.674,0.3,0.017,0.008,0.001
1767,0.905,0.064,0.015,0.016,0.0
913,0.003,0.06799999999999998,0.30600000000000005,0.488,0.135
1982,0.0,0.003,0.013999999999999999,0.294,0.689
2792,0.10400000000000001,0.597,0.23099999999999996,0.05499999999999999,0.013000000000000001
2428,0.31399999999999995,0.6000000000000001,0.081,0.005,0.0
