index,A,B,C,D,E
1476,0.0,0.063,0.9039999999999999,0.033,0.0
781,0.013000000000000001,0.08299999999999999,0.217,0.5199999999999999,0.16699999999999998
2374,0.0,0.016999999999999998,0.16299999999999998,0.7540000000000001,0.06600000000000002
270,0.34700000000000003,0.5940000000000001,0.054000000000000006,0.005,0.0
9,0.005,0.33999999999999997,0.578,0.066,0.011
2535,0.0,0.0,0.016,0.805,0.179
424,0.5650000000000001,0.40800000000000003,0.027000000000000003,0.0,0.0
1110,0.188,0.772,0.038,0.002,0.0
2515,0.055999999999999994,0.8160000000000001,0.12600000000000003,0.002,0.0
2274,0.753,0.215,0.028000000000000004,0.004,0.0
2398,0.9719999999999999,0.027000000000000003,0.001,0.0,0.0
406,0.0,0.0,0.014000000000000002,0.091,0.8950000000000001
606,0.003,0.064,0.381,0.53,0.022
2613,0.0,0.0,0.007000000000000001,0.37700000000000006,0.6160000000000001
705,0.0,0.001,0.021,0.42300000000000004,0.555
1087,0.007000000000000001,0.10800000000000001,0.667,0.20700000000000002,0.011
614,0.0,0.002,0.005,0.05,0.943
1324,0.002,0.047,0.10800000000000001,0.522,0.321
1431,0.001,0.006,0.031,0.925,0.037000000000000005
863,0.195,0.774,0.029000000000000005,0.002,0.0
122,0.007000000000000001,0.077,0.366,0.433,0.11700000000000002
1033,0.001,0.12000000000000002,0.22499999999999995,0.5530000000000002,0.10100000000000002
1968,0.001,0.004,0.009999999999999998,0.225,0.76
2443,0.284,0.686,0.027000000000000003,0.003,0.0
1765,0.869,0.129,0.002,0.0,0.0
1308,0.007000000000000001,0.087,0.11600000000000002,0.5529999999999999,0.23700000000000002
2018,0.003,0.027000000000000003,0.07400000000000001,0.465,0.43100000000000005
2323,0.003,0.05600000000000001,0.5050000000000001,0.414,0.022
467,0.001,0.10400000000000001,0.8099999999999999,0.083,0.002
140,0.0,0.003,0.005,0.841,0.15100000000000002
2098,0.14999999999999997,0.841,0.009,0.0,0.0
28,0.034,0.48200000000000004,0.4290000000000001,0.054000000000000006,0.001
242,0.002,0.067,0.23900000000000002,0.588,0.10400000000000001
2786,0.0,0.003,0.030999999999999993,0.6689999999999999,0.297
1794,0.009999999999999998,0.563,0.40700000000000003,0.02,0.0
1273,0.0,0.015,0.05600000000000001,0.6460000000000001,0.28300000000000003
856,0.002,0.017999999999999995,0.031,0.7670000000000001,0.182
1926,0.0,0.0,0.004,0.874,0.122
2346,0.0,0.028000000000000004,0.33099999999999996,0.613,0.028000000000000004
2834,0.002,0.036,0.11099999999999999,0.49800000000000005,0.353
2472,0.002,0.009,0.061,0.6799999999999999,0.24800000000000005
1199,0.41500000000000004,0.35200000000000004,0.137,0.08299999999999999,0.013000000000000001
587,0.001,0.096,0.5780000000000001,0.296,0.029000000000000005
1448,0.0,0.018,0.12200000000000003,0.6749999999999999,0.185
2446,0.8539999999999999,0.141,0.004,0.001,0.0
2879,0.0,0.003,0.006,0.089,0.9019999999999999
1567,0.004,0.076,0.359,0.511,0.049999999999999996
1234,0.0,0.001,0.005,0.8619999999999999,0.13200000000000003
1685,0.8939999999999999,0.099,0.007000000000000001,0.0,0.0
1896,0.006,0.184,0.38,0.41000000000000003,0.02
1778,0.19399999999999998,0.7300000000000001,0.073,0.003,0.0
2038,0.0,0.007000000000000001,0.012,0.18,0.8009999999999999
2670,0.0,0.002,0.018999999999999996,0.12000000000000002,0.859
1350,0.0,0.007000000000000001,0.022,0.47800000000000004,0.493
1440,0.032,0.8460000000000001,0.11800000000000002,0.004,0.0
2369,0.0,0.0,0.014999999999999996,0.087,0.898
161,0.001,0.005,0.018,0.5630000000000001,0.413
24,0.003,0.018000000000000002,0.19699999999999998,0.748,0.034
1548,0.001,0.005,0.015000000000000003,0.29300000000000004,0.6859999999999999
2636,0.0,0.006,0.027000000000000003,0.23499999999999996,0.732
1236,0.0,0.009999999999999998,0.062,0.858,0.06999999999999999
1583,0.148,0.6950000000000001,0.148,0.007999999999999998,0.001
2291,0.001,0.057999999999999996,0.348,0.5599999999999999,0.033
2132,0.02,0.7499999999999999,0.229,0.0,0.001
746,0.001,0.017,0.03799999999999999,0.394,0.55
1090,0.017,0.7080000000000001,0.27199999999999996,0.003,0.0
2511,0.006,0.05700000000000001,0.3849999999999999,0.549,0.003
1174,0.013000000000000001,0.6539999999999999,0.253,0.06799999999999999,0.012
502,0.038,0.9179999999999999,0.04399999999999999,0.0,0.0
1801,0.059,0.6819999999999999,0.24500000000000002,0.011999999999999999,0.002
375,0.009,0.353,0.506,0.11699999999999999,0.015000000000000003
709,0.0,0.0,0.001,0.07700000000000001,0.922
323,0.034,0.29100000000000004,0.55,0.11100000000000002,0.014000000000000002
2295,0.007000000000000001,0.098,0.516,0.32999999999999996,0.049
2454,0.178,0.784,0.03400000000000001,0.004,0.0
1631,0.004,0.06400000000000002,0.317,0.537,0.07799999999999999
632,0.016,0.10500000000000001,0.5029999999999999,0.319,0.05700000000000001
1607,0.011999999999999999,0.176,0.336,0.394,0.082
1612,0.011,0.119,0.518,0.26799999999999996,0.084
529,0.05900000000000001,0.8029999999999999,0.124,0.011999999999999999,0.002
592,0.014000000000000002,0.45299999999999996,0.487,0.043000000000000003,0.003
1423,0.009,0.096,0.613,0.279,0.003
2099,0.659,0.32,0.015000000000000003,0.006,0.0
1863,0.0,0.016000000000000004,0.12599999999999997,0.709,0.14900000000000002
144,0.0,0.009999999999999998,0.07999999999999999,0.741,0.169
589,0.13599999999999998,0.534,0.22399999999999998,0.095,0.011
673,0.020999999999999998,0.29900000000000004,0.44099999999999995,0.22599999999999998,0.013000000000000001
2353,0.24100000000000002,0.6779999999999999,0.068,0.012,0.001
789,0.0,0.001,0.013000000000000001,0.762,0.22399999999999998
2164,0.008,0.24700000000000003,0.7049999999999998,0.037,0.003
531,0.025000000000000005,0.859,0.11200000000000002,0.004,0.0
1879,0.006,0.027999999999999997,0.06100000000000001,0.25000000000000006,0.655
2724,0.002,0.069,0.26999999999999996,0.571,0.088
2812,0.015000000000000003,0.515,0.458,0.011999999999999999,0.0
484,0.25399999999999995,0.702,0.039,0.005,0.0
2420,0.009,0.418,0.557,0.015999999999999997,0.0
157,0.001,0.027000000000000003,0.124,0.607,0.24100000000000002
1453,0.33799999999999997,0.6340000000000001,0.025,0.003,0.0
1315,0.006,0.05700000000000001,0.22900000000000004,0.532,0.176
1224,0.0,0.008,0.025,0.601,0.366
1141,0.027000000000000003,0.597,0.32399999999999995,0.049,0.003
591,0.256,0.6599999999999999,0.072,0.012,0.0
1921,0.0,0.001,0.006,0.906,0.087
2586,0.0,0.016999999999999998,0.078,0.618,0.287
1185,0.027000000000000003,0.277,0.485,0.17600000000000002,0.035
902,0.001,0.031999999999999994,0.10800000000000001,0.489,0.37
128,0.013999999999999999,0.09,0.215,0.577,0.10400000000000001
191,0.002,0.01,0.1,0.631,0.257
449,0.542,0.44600000000000006,0.006,0.005,0.001
2388,0.635,0.35100000000000003,0.008999999999999998,0.005,0.0
1956,0.002,0.023,0.044000000000000004,0.516,0.41500000000000004
95,0.001,0.016,0.267,0.7020000000000001,0.014000000000000002
1684,0.9739999999999999,0.025,0.001,0.0,0.0
1881,0.0,0.012,0.038,0.7569999999999999,0.193
849,0.03599999999999999,0.39999999999999997,0.541,0.018,0.005
2521,0.009,0.522,0.387,0.06999999999999999,0.012
2037,0.0,0.007000000000000001,0.047,0.47400000000000003,0.472
1298,0.0,0.001,0.005,0.14799999999999996,0.8459999999999999
1208,0.002,0.098,0.538,0.33100000000000007,0.031
2790,0.0,0.5130000000000001,0.4789999999999999,0.008,0.0
2723,0.002,0.011,0.06700000000000002,0.5200000000000001,0.4
1410,0.016,0.11700000000000002,0.3,0.504,0.063
1846,0.001,0.030000000000000006,0.8870000000000001,0.077,0.005
1034,0.0,0.004,0.097,0.8259999999999998,0.073
2765,0.007000000000000001,0.092,0.327,0.4710000000000001,0.10300000000000001
967,0.9429999999999998,0.05700000000000001,0.0,0.0,0.0
2372,0.0,0.001,0.008,0.12100000000000004,0.8699999999999999
1120,0.009,0.7169999999999999,0.271,0.003,0.0
1937,0.002,0.014999999999999996,0.046,0.6130000000000001,0.32399999999999995
951,0.002,0.07999999999999999,0.371,0.491,0.05600000000000001
1903,0.0,0.002,0.007000000000000001,0.095,0.8960000000000001
2088,0.005,0.06400000000000002,0.10800000000000001,0.465,0.358
2221,0.019000000000000003,0.152,0.434,0.347,0.048
2890,0.177,0.24400000000000005,0.22999999999999998,0.309,0.039999999999999994
1533,0.012,0.10500000000000001,0.40099999999999997,0.35700000000000004,0.12500000000000006
1571,0.024999999999999998,0.43900000000000006,0.4699999999999999,0.05600000000000001,0.01
2287,0.0,0.0,0.001,0.022,0.977
378,0.013000000000000001,0.256,0.437,0.27,0.024
2082,0.011999999999999999,0.186,0.21900000000000003,0.32299999999999995,0.26
1294,0.004,0.03500000000000001,0.138,0.438,0.385
1445,0.003,0.034999999999999996,0.172,0.692,0.098
2263,0.17099999999999999,0.8230000000000001,0.006,0.0,0.0
2192,0.0,0.0,0.004,0.476,0.52
247,0.023999999999999997,0.943,0.03,0.003,0.0
1263,0.004,0.028000000000000004,0.196,0.6639999999999999,0.10799999999999998
2310,0.0,0.055999999999999994,0.8500000000000002,0.082,0.012
2602,0.004,0.11499999999999999,0.15200000000000005,0.4549999999999999,0.27399999999999997
1040,0.0,0.0,0.002,0.026000000000000002,0.9719999999999999
1672,0.007999999999999998,0.04,0.15199999999999997,0.481,0.319
626,0.036000000000000004,0.324,0.5409999999999999,0.093,0.006
1635,0.9550000000000001,0.045,0.0,0.0,0.0
1052,0.9620000000000001,0.03300000000000001,0.005,0.0,0.0
2334,0.9509999999999998,0.044,0.003,0.002,0.0
1069,0.797,0.18600000000000003,0.014000000000000002,0.003,0.0
130,0.001,0.016000000000000004,0.052000000000000005,0.27799999999999997,0.653
2045,0.05700000000000001,0.354,0.183,0.24,0.16599999999999998
2677,0.0,0.006,0.027000000000000003,0.277,0.6900000000000001
1929,0.001,0.008,0.028999999999999998,0.672,0.29000000000000004
1530,0.005,0.16799999999999998,0.369,0.35,0.10799999999999998
1361,0.008,0.089,0.258,0.5109999999999999,0.13400000000000004
1698,0.14900000000000002,0.843,0.006,0.002,0.0
2643,0.0,0.002,0.018,0.21200000000000002,0.768
1832,0.5660000000000001,0.37,0.048,0.015999999999999997,0.0
163,0.002,0.015000000000000003,0.046,0.663,0.27399999999999997
839,0.037000000000000005,0.589,0.33799999999999997,0.03200000000000001,0.004
2928,0.008,0.153,0.5029999999999999,0.284,0.052000000000000005
1359,0.001,0.015,0.04,0.189,0.7550000000000001
2600,0.003,0.026000000000000002,0.079,0.527,0.36500000000000005
519,0.053000000000000005,0.5439999999999999,0.37699999999999995,0.023,0.003
918,0.10200000000000001,0.32,0.3,0.23499999999999996,0.043000000000000003
2891,0.45899999999999996,0.49400000000000005,0.033999999999999996,0.011,0.002
2289,0.0,0.0,0.001,0.068,0.931
516,0.009999999999999998,0.392,0.493,0.096,0.009000000000000001
1554,0.0,0.006,0.016,0.203,0.7749999999999999
296,0.3410000000000001,0.536,0.094,0.026000000000000002,0.003
1064,0.8319999999999999,0.149,0.017,0.001,0.001
728,0.015000000000000003,0.291,0.351,0.266,0.077
1195,0.002,0.05800000000000001,0.061,0.726,0.15300000000000002
2768,0.005,0.03900000000000001,0.16999999999999998,0.6789999999999999,0.10699999999999998
546,0.001,0.276,0.6629999999999999,0.05700000000000001,0.003
389,0.006,0.049,0.38300000000000006,0.481,0.081
2526,0.005,0.076,0.55,0.32999999999999996,0.039
2929,0.10700000000000001,0.7790000000000001,0.094,0.017999999999999995,0.002
2550,0.0,0.006,0.08499999999999999,0.807,0.10200000000000001
2010,0.001,0.017,0.086,0.35100000000000003,0.5449999999999999
1960,0.0,0.014000000000000002,0.07299999999999998,0.613,0.3
2249,0.0,0.009,0.07999999999999999,0.792,0.119
81,0.0,0.051000000000000004,0.598,0.318,0.03300000000000001
2581,0.001,0.024,0.173,0.675,0.127
2729,0.001,0.011,0.11599999999999999,0.633,0.23899999999999996
466,0.001,0.028999999999999998,0.9479999999999998,0.021,0.001
1750,0.002,0.24100000000000002,0.7510000000000001,0.006,0.0
610,0.004,0.11599999999999999,0.5149999999999999,0.341,0.024
2473,0.004,0.03,0.15299999999999997,0.7160000000000001,0.097
2395,0.8980000000000002,0.093,0.005,0.004,0.0
1435,0.011,0.5820000000000001,0.361,0.044,0.002
2227,0.009999999999999998,0.07100000000000001,0.32700000000000007,0.4600000000000001,0.13199999999999998
1244,0.0,0.001,0.008,0.867,0.12400000000000003
2877,0.0,0.016999999999999998,0.079,0.592,0.31200000000000006
238,0.003,0.018000000000000002,0.12,0.521,0.33799999999999997
1601,0.0,0.009,0.043,0.6839999999999999,0.264
1043,0.0,0.001,0.0,0.016,0.9830000000000002
1768,0.028000000000000004,0.8859999999999999,0.08299999999999999,0.003,0.0
1997,0.08600000000000001,0.365,0.269,0.188,0.092
2629,0.0,0.0,0.009,0.7539999999999999,0.23700000000000002
1905,0.006999999999999999,0.16600000000000004,0.5780000000000001,0.23899999999999996,0.009999999999999998
1493,0.003,0.192,0.731,0.069,0.005
1616,0.0,0.10000000000000002,0.788,0.10300000000000001,0.008999999999999998
2022,0.004,0.24500000000000002,0.265,0.369,0.11699999999999999
737,0.0,0.0,0.004,0.20299999999999999,0.7929999999999999
1862,0.019,0.915,0.05,0.015000000000000003,0.001
682,0.0,0.0,0.005,0.30300000000000005,0.692
1841,0.001,0.052000000000000005,0.561,0.379,0.007000000000000001
129,0.0,0.009999999999999998,0.024,0.4130000000000001,0.5529999999999999
1909,0.005,0.05800000000000001,0.404,0.4330000000000001,0.1
2000,0.013000000000000001,0.093,0.15899999999999997,0.465,0.27
1269,0.002,0.015,0.174,0.648,0.16099999999999998
2759,0.481,0.483,0.03,0.006,0.0
2798,0.06000000000000001,0.8049999999999999,0.123,0.012,0.0
950,0.0,0.004,0.12400000000000003,0.661,0.21099999999999994
837,0.011,0.47700000000000004,0.477,0.03400000000000001,0.001
1966,0.0,0.043,0.22299999999999995,0.64,0.094
2494,0.0,0.0,0.016000000000000004,0.6689999999999999,0.31500000000000006
1317,0.003,0.049,0.16399999999999998,0.335,0.44899999999999995
1675,0.0,0.0,0.001,0.031,0.968
2016,0.0,0.004,0.011,0.43200000000000005,0.553
2273,0.04399999999999999,0.329,0.297,0.26,0.06999999999999999
1060,0.825,0.16999999999999998,0.003,0.002,0.0
1151,0.002,0.007000000000000001,0.034,0.7240000000000001,0.233
2212,0.006999999999999999,0.03,0.1,0.49300000000000005,0.37
681,0.0,0.002,0.039,0.638,0.321
1079,0.034,0.48999999999999994,0.42700000000000005,0.046,0.003
2619,0.002,0.011,0.043,0.591,0.35300000000000004
2209,0.003,0.18,0.186,0.509,0.12200000000000003
908,0.0,0.03899999999999999,0.178,0.521,0.26199999999999996
532,0.004,0.466,0.506,0.024,0.0
2197,0.0,0.0,0.001,0.10300000000000001,0.8959999999999999
1097,0.002,0.163,0.76,0.07500000000000001,0.0
2876,0.0,0.0,0.004,0.19199999999999998,0.804
2652,0.002,0.04,0.06299999999999999,0.546,0.34900000000000003
1995,0.004,0.08700000000000002,0.11499999999999999,0.44899999999999995,0.34500000000000003
33,0.0,0.006,0.063,0.897,0.034
1057,0.9730000000000001,0.027000000000000003,0.0,0.0,0.0
1980,0.002,0.018000000000000002,0.037,0.357,0.586
322,0.001,0.045,0.27,0.6159999999999999,0.068
2712,0.0,0.009,0.095,0.7829999999999999,0.11299999999999999
1615,0.017000000000000005,0.376,0.576,0.031000000000000007,0.0
1062,0.6839999999999999,0.30999999999999994,0.005,0.001,0.0
321,0.9089999999999998,0.088,0.003,0.0,0.0
477,0.005,0.23399999999999999,0.714,0.047,0.0
2191,0.0,0.0,0.011,0.32399999999999995,0.6649999999999998
2226,0.05600000000000001,0.48599999999999993,0.29400000000000004,0.14100000000000001,0.023
1632,0.049,0.517,0.24100000000000002,0.184,0.009
1222,0.0,0.008,0.024,0.158,0.8099999999999999
234,0.011,0.13399999999999998,0.33699999999999997,0.42000000000000004,0.09800000000000002
540,0.0,0.002,0.025,0.7180000000000001,0.255
1270,0.001,0.028999999999999998,0.12899999999999998,0.723,0.118
1439,0.007000000000000001,0.5940000000000001,0.394,0.005,0.0
2569,0.0,0.0,0.023,0.525,0.45200000000000007
143,0.0,0.004,0.039,0.789,0.168
505,0.024,0.767,0.2,0.008,0.001
2253,0.002,0.022,0.13899999999999996,0.5639999999999998,0.273
1326,0.0,0.002,0.012,0.42200000000000004,0.564
731,0.002,0.028000000000000004,0.22599999999999998,0.44800000000000006,0.296
2501,0.8149999999999998,0.164,0.009999999999999998,0.011,0.0
2775,0.035,0.745,0.21000000000000002,0.009999999999999998,0.0
818,0.7060000000000001,0.252,0.030000000000000006,0.008,0.004
2539,0.0,0.017,0.07300000000000001,0.7950000000000002,0.11500000000000002
2046,0.0,0.0,0.016999999999999998,0.265,0.718
442,0.698,0.264,0.033,0.005,0.0
1343,0.0,0.005,0.015,0.18,0.8
1693,0.9870000000000001,0.013000000000000001,0.0,0.0,0.0
2153,0.06700000000000002,0.6450000000000001,0.24699999999999997,0.039999999999999994,0.001
2819,0.001,0.007000000000000001,0.07899999999999999,0.545,0.368
1888,0.0,0.019000000000000003,0.06100000000000001,0.719,0.20099999999999998
436,0.7180000000000001,0.24599999999999994,0.017,0.019,0.0
2628,0.0,0.0,0.004,0.9490000000000002,0.047
915,0.002,0.175,0.20800000000000002,0.45199999999999996,0.16299999999999998
2709,0.002,0.06300000000000001,0.39,0.49800000000000005,0.04699999999999999
2014,0.0,0.003,0.016,0.378,0.603
1505,0.0,0.003,0.027000000000000003,0.271,0.6990000000000001
1130,0.012,0.7129999999999999,0.262,0.011999999999999997,0.001
2635,0.049,0.159,0.195,0.43,0.16699999999999998
2599,0.0,0.005,0.015,0.189,0.791
1751,0.002,0.03,0.825,0.14100000000000001,0.002
760,0.0,0.012,0.05,0.5790000000000001,0.359
435,0.9309999999999998,0.06899999999999999,0.0,0.0,0.0
2912,0.019,0.11099999999999999,0.19499999999999998,0.6220000000000001,0.053000000000000005
1906,0.0,0.002,0.017,0.8370000000000001,0.14400000000000002
657,0.0,0.008,0.035,0.32399999999999995,0.633
7,0.006,0.15700000000000003,0.752,0.08399999999999999,0.001
1248,0.013999999999999999,0.23199999999999998,0.258,0.45099999999999996,0.045
2919,0.0,0.0,0.0,0.008,0.992
685,0.001,0.034,0.119,0.5429999999999999,0.303
486,0.002,0.079,0.7630000000000001,0.14300000000000002,0.012999999999999998
461,0.064,0.7710000000000001,0.15199999999999997,0.013000000000000001,0.0
569,0.027000000000000003,0.37700000000000006,0.4,0.185,0.011
65,0.8560000000000001,0.132,0.006999999999999999,0.005,0.0
2503,0.334,0.631,0.029999999999999992,0.005,0.0
362,0.001,0.029999999999999992,0.458,0.4920000000000001,0.018999999999999996
1945,0.087,0.193,0.29300000000000004,0.29200000000000004,0.135
2577,0.0,0.013000000000000001,0.21200000000000002,0.6849999999999999,0.09
2211,0.014000000000000002,0.18999999999999997,0.38300000000000006,0.34099999999999997,0.072
1206,0.0,0.001,0.002,0.38899999999999996,0.6080000000000001
2673,0.006,0.095,0.221,0.506,0.172
2089,0.016999999999999998,0.219,0.38200000000000006,0.33199999999999996,0.05
395,0.0,0.014000000000000002,0.093,0.7620000000000001,0.131
455,0.015,0.72,0.255,0.01,0.0
1515,0.003,0.06000000000000001,0.126,0.353,0.458
488,0.0,0.054000000000000006,0.9309999999999998,0.014000000000000002,0.001
1345,0.013000000000000001,0.143,0.233,0.454,0.15700000000000003
884,0.003,0.034999999999999996,0.04499999999999999,0.3540000000000001,0.563
2238,0.0,0.004,0.026000000000000002,0.274,0.696
1659,0.005,0.26899999999999996,0.636,0.081,0.009
222,0.002,0.004,0.018,0.7220000000000001,0.254
2672,0.008,0.24400000000000005,0.332,0.275,0.14100000000000001
218,0.0,0.006999999999999999,0.088,0.7630000000000001,0.142
777,0.004,0.05900000000000001,0.35200000000000004,0.44000000000000006,0.145
616,0.006,0.13799999999999998,0.403,0.37599999999999995,0.077
2092,0.27299999999999996,0.603,0.10400000000000001,0.019,0.001
2745,0.0,0.027000000000000003,0.11800000000000002,0.554,0.30100000000000005
598,0.001,0.047,0.5740000000000001,0.359,0.018999999999999996
160,0.181,0.371,0.273,0.14800000000000002,0.027000000000000003
996,0.0,0.074,0.8949999999999999,0.028999999999999998,0.002
2394,0.8330000000000002,0.156,0.009000000000000001,0.002,0.0
1183,0.30300000000000005,0.517,0.14,0.030000000000000006,0.009999999999999998
483,0.051000000000000004,0.9029999999999999,0.044,0.002,0.0
2872,0.0,0.007000000000000001,0.008,0.251,0.734
432,0.9620000000000001,0.028000000000000004,0.008999999999999998,0.001,0.0
194,0.0,0.0,0.008,0.194,0.7979999999999998
758,0.001,0.024999999999999998,0.06600000000000002,0.46900000000000003,0.43900000000000006
2502,0.13399999999999998,0.8450000000000001,0.019000000000000003,0.002,0.0
1782,0.635,0.3390000000000001,0.026000000000000002,0.0,0.0
2390,0.6010000000000002,0.359,0.031000000000000007,0.009,0.0
559,0.001,0.013000000000000001,0.025,0.8029999999999999,0.158
2818,0.0,0.007999999999999998,0.022,0.5109999999999999,0.45899999999999996
437,0.5090000000000001,0.481,0.009999999999999998,0.0,0.0
2592,0.13799999999999998,0.385,0.209,0.21800000000000003,0.05
2181,0.867,0.039999999999999994,0.063,0.030000000000000006,0.0
326,0.0,0.002,0.003,0.049,0.9460000000000001
1226,0.007000000000000001,0.10499999999999998,0.357,0.48200000000000004,0.049
2064,0.001,0.055999999999999994,0.213,0.6629999999999999,0.067
2764,0.004,0.24299999999999997,0.33399999999999996,0.34,0.079
1036,0.0,0.0,0.009999999999999998,0.586,0.404
64,0.05199999999999999,0.53,0.374,0.041,0.003
445,0.37699999999999995,0.5929999999999999,0.025,0.005,0.0
197,0.0,0.003,0.036000000000000004,0.558,0.4029999999999999
642,0.0,0.003,0.02,0.9,0.077
1991,0.001,0.013000000000000001,0.05800000000000001,0.579,0.349
823,0.024000000000000004,0.6990000000000001,0.276,0.001,0.0
1634,0.049,0.42300000000000004,0.5029999999999999,0.022,0.003
1156,0.007000000000000001,0.095,0.24900000000000003,0.5130000000000001,0.136
141,0.01,0.11800000000000002,0.45499999999999996,0.38299999999999995,0.033999999999999996
1696,0.76,0.233,0.006,0.001,0.0
2811,0.004,0.602,0.388,0.006,0.0
2804,0.19699999999999998,0.7290000000000001,0.066,0.006999999999999999,0.001
2544,0.020999999999999998,0.17099999999999999,0.326,0.38999999999999996,0.092
2347,0.16,0.47800000000000004,0.32999999999999996,0.028000000000000004,0.004
1012,0.9490000000000001,0.047,0.004,0.0,0.0
132,0.001,0.064,0.38999999999999996,0.483,0.06200000000000001
922,0.001,0.009999999999999998,0.11700000000000002,0.63,0.242
16,0.05600000000000001,0.304,0.403,0.19299999999999998,0.044000000000000004
1574,0.471,0.5130000000000001,0.015,0.0,0.001
1044,0.0,0.0,0.0,0.004,0.9960000000000001
1288,0.133,0.32400000000000007,0.18599999999999997,0.265,0.092
2487,0.005,0.06100000000000001,0.098,0.48600000000000004,0.35
1568,0.005,0.06100000000000001,0.199,0.5429999999999999,0.192
1275,0.0,0.003,0.012,0.4760000000000001,0.509
1460,0.36100000000000004,0.603,0.027000000000000003,0.009,0.0
2785,0.0,0.003,0.009,0.5309999999999999,0.457
1519,0.012,0.086,0.252,0.47000000000000003,0.18
1669,0.0,0.0,0.003,0.4010000000000001,0.5960000000000001
1295,0.012999999999999998,0.037,0.11100000000000002,0.254,0.5849999999999999
2579,0.002,0.024,0.11200000000000002,0.7729999999999999,0.089
1920,0.003,0.026000000000000002,0.26599999999999996,0.6,0.10500000000000001
1303,0.002,0.0,0.008,0.293,0.697
1761,0.89,0.10200000000000001,0.008,0.0,0.0
857,0.005,0.036,0.21400000000000002,0.5559999999999999,0.189
584,0.001,0.044,0.4800000000000001,0.438,0.037
864,0.38,0.5719999999999998,0.045,0.003,0.0
1132,0.002,0.47700000000000004,0.49700000000000005,0.023,0.001
1813,0.075,0.825,0.094,0.006,0.0
1192,0.0,0.01,0.36500000000000005,0.5640000000000001,0.06100000000000001
2748,0.023,0.584,0.38,0.012,0.001
1804,0.434,0.461,0.069,0.03300000000000001,0.003
1611,0.007000000000000001,0.315,0.45099999999999996,0.21600000000000003,0.011
444,0.414,0.554,0.030000000000000006,0.002,0.0
2379,0.931,0.062,0.005,0.002,0.0
1420,0.06700000000000002,0.858,0.072,0.003,0.0
1214,0.0,0.008,0.051000000000000004,0.705,0.236
2836,0.002,0.014000000000000002,0.039,0.30799999999999994,0.6369999999999999
94,0.002,0.297,0.49000000000000005,0.202,0.009
1323,0.0,0.001,0.001,0.5269999999999999,0.471
596,0.018000000000000006,0.389,0.4370000000000001,0.14100000000000001,0.015
1662,0.0,0.003,0.089,0.42000000000000004,0.4880000000000001
398,0.0,0.0,0.004,0.514,0.48200000000000004
631,0.006999999999999999,0.12200000000000003,0.43600000000000005,0.36600000000000005,0.06899999999999999
1367,0.001,0.011,0.031,0.30400000000000005,0.653
139,0.031,0.8200000000000001,0.13699999999999998,0.007999999999999998,0.004
2051,0.0,0.002,0.012,0.6839999999999999,0.302
2281,0.009,0.142,0.195,0.5880000000000001,0.066
714,0.0,0.001,0.009000000000000001,0.20099999999999998,0.789
2432,0.046,0.191,0.7290000000000001,0.033,0.001
151,0.0,0.003,0.032,0.531,0.434
1169,0.30400000000000005,0.492,0.19,0.013000000000000001,0.001
1766,0.194,0.78,0.022,0.004,0.0
2516,0.197,0.646,0.12800000000000003,0.023,0.006
548,0.005,0.16099999999999998,0.658,0.173,0.003
125,0.029000000000000005,0.158,0.13999999999999999,0.37000000000000005,0.30300000000000005
1121,0.03400000000000001,0.595,0.364,0.005,0.002
2807,0.05000000000000001,0.7140000000000001,0.207,0.027000000000000003,0.002
2202,0.0,0.037,0.12200000000000003,0.48599999999999993,0.35500000000000004
2478,0.0,0.151,0.758,0.078,0.013000000000000001
1061,0.42600000000000005,0.5080000000000001,0.04800000000000001,0.016,0.002
2117,0.028000000000000004,0.34800000000000003,0.425,0.173,0.026000000000000002
1734,0.038,0.13600000000000004,0.6910000000000001,0.132,0.003
2284,0.003,0.027000000000000003,0.13299999999999998,0.6449999999999999,0.192
2852,0.0,0.020999999999999998,0.034,0.33,0.615
701,0.006,0.08600000000000001,0.06100000000000001,0.603,0.24400000000000005
2264,0.004,0.06699999999999999,0.706,0.20099999999999998,0.022
892,0.003,0.016000000000000004,0.06499999999999999,0.7969999999999999,0.119
288,0.0,0.041999999999999996,0.15999999999999998,0.5329999999999999,0.26499999999999996
359,0.002,0.03,0.5319999999999999,0.403,0.033
2809,0.0,0.13699999999999998,0.844,0.018,0.001
2517,0.006,0.13399999999999998,0.44399999999999995,0.389,0.026999999999999996
2002,0.0,0.0,0.017,0.35100000000000003,0.6320000000000001
796,0.006,0.041999999999999996,0.21999999999999997,0.5549999999999999,0.177
2009,0.0,0.007000000000000001,0.046,0.367,0.58
1743,0.15899999999999997,0.597,0.23699999999999996,0.006,0.001
2463,0.19400000000000003,0.783,0.02,0.003,0.0
1204,0.001,0.003,0.007000000000000001,0.258,0.731
694,0.004,0.10600000000000002,0.10900000000000001,0.49799999999999994,0.28300000000000003
1919,0.0,0.0,0.003,0.975,0.022
734,0.004,0.012,0.041999999999999996,0.41900000000000004,0.523
1023,0.009,0.07500000000000001,0.43900000000000006,0.44299999999999995,0.033999999999999996
1352,0.007000000000000001,0.141,0.209,0.42700000000000005,0.21599999999999997
2908,0.002,0.017,0.071,0.263,0.647
1964,0.0,0.001,0.034999999999999996,0.8229999999999998,0.14100000000000001
2923,0.004,0.042,0.21100000000000002,0.6890000000000001,0.054000000000000006
2217,0.001,0.014000000000000002,0.06799999999999999,0.5449999999999999,0.372
1293,0.002,0.034999999999999996,0.10500000000000001,0.5469999999999999,0.311
2737,0.19199999999999998,0.377,0.246,0.15499999999999997,0.029999999999999992
795,0.003,0.04,0.11200000000000002,0.679,0.166
738,0.003,0.007000000000000001,0.022000000000000002,0.32,0.648
10,0.001,0.10300000000000001,0.881,0.015,0.0
1369,0.0,0.017,0.037,0.25100000000000006,0.695
2348,0.004,0.365,0.49700000000000005,0.11599999999999996,0.017999999999999995
0,0.013999999999999999,0.2929999999999999,0.35600000000000004,0.308,0.029000000000000005
525,0.17300000000000001,0.817,0.009,0.001,0.0
360,0.0,0.11600000000000002,0.778,0.10200000000000002,0.004
2917,0.0,0.0,0.001,0.018999999999999996,0.9800000000000001
2915,0.006,0.05700000000000001,0.21600000000000003,0.627,0.09399999999999999
248,0.003,0.03800000000000001,0.134,0.78,0.045
1089,0.003,0.271,0.702,0.023,0.001
2078,0.05800000000000001,0.45600000000000007,0.24700000000000003,0.22800000000000004,0.011000000000000001
1654,0.007000000000000001,0.172,0.623,0.181,0.016999999999999998
1882,0.0,0.008,0.025,0.7709999999999999,0.19599999999999998
836,0.003,0.008,0.063,0.8370000000000001,0.089
1046,0.0,0.011,0.08,0.764,0.14500000000000002
848,0.015,0.8540000000000001,0.11499999999999999,0.013000000000000001,0.003
1577,0.001,0.028000000000000004,0.6449999999999999,0.28099999999999997,0.045000000000000005
1490,0.0,0.014000000000000002,0.11499999999999999,0.7510000000000001,0.12000000000000002
2036,0.011,0.186,0.14200000000000002,0.48999999999999994,0.17100000000000004
2344,0.083,0.476,0.343,0.094,0.004
2035,0.038,0.23299999999999996,0.28500000000000003,0.346,0.098
1815,0.001,0.012,0.10300000000000001,0.5159999999999999,0.368
985,0.005,0.07999999999999999,0.279,0.525,0.11100000000000002
447,0.8789999999999999,0.11600000000000002,0.005,0.0,0.0
258,0.0,0.202,0.768,0.027000000000000003,0.003
1986,0.004,0.06300000000000001,0.101,0.46799999999999997,0.364
1177,0.38899999999999996,0.45899999999999996,0.087,0.06200000000000001,0.003
558,0.0,0.002,0.05799999999999998,0.683,0.257
1614,0.33599999999999997,0.504,0.128,0.027000000000000003,0.005
1996,0.002,0.017,0.092,0.48100000000000004,0.40800000000000003
269,0.001,0.006,0.011,0.9640000000000001,0.018
70,0.07200000000000001,0.8640000000000001,0.06000000000000001,0.003,0.001
1436,0.001,0.22200000000000003,0.7429999999999999,0.034,0.0
417,0.001,0.017000000000000005,0.043000000000000003,0.414,0.5249999999999999
816,0.098,0.853,0.030000000000000006,0.016,0.003
2373,0.001,0.016000000000000004,0.088,0.6779999999999999,0.217
485,0.013000000000000001,0.807,0.15599999999999997,0.022,0.002
749,0.007000000000000001,0.07800000000000001,0.10300000000000002,0.557,0.255
2247,0.006,0.07499999999999998,0.43899999999999995,0.42699999999999994,0.053000000000000005
111,0.22399999999999998,0.6370000000000001,0.10600000000000001,0.032,0.001
50,0.0,0.047,0.618,0.32999999999999996,0.005
1451,0.0,0.0,0.004,0.522,0.47400000000000003
2177,0.001,0.023,0.238,0.6679999999999999,0.06999999999999999
2509,0.0,0.01,0.202,0.7709999999999999,0.016999999999999998
1855,0.018,0.365,0.469,0.12000000000000002,0.028000000000000004
743,0.0,0.0,0.009,0.184,0.8069999999999998
1077,0.0,0.045,0.6099999999999999,0.33999999999999997,0.005
2881,0.0,0.024,0.034,0.27599999999999997,0.666
797,0.0,0.007000000000000001,0.016999999999999998,0.30700000000000005,0.669
51,0.01,0.132,0.8089999999999999,0.045,0.004
103,0.0,0.028999999999999998,0.30599999999999994,0.6050000000000001,0.06000000000000001
1739,0.001,0.053000000000000005,0.8610000000000001,0.084,0.001
2486,0.006999999999999999,0.08499999999999999,0.125,0.615,0.16799999999999998
612,0.001,0.08299999999999999,0.40700000000000003,0.441,0.068
137,0.089,0.549,0.24599999999999994,0.098,0.017999999999999995
753,0.004,0.05900000000000001,0.03,0.30500000000000005,0.602
2023,0.001,0.033,0.087,0.562,0.317
1403,0.004,0.06,0.36400000000000005,0.484,0.088
1857,0.037,0.41600000000000004,0.3889999999999999,0.133,0.025
2434,0.11300000000000002,0.7170000000000001,0.16599999999999998,0.004,0.0
86,0.0,0.001,0.006999999999999999,0.387,0.605
861,0.0,0.001,0.047,0.6950000000000001,0.257
1274,0.0,0.002,0.009000000000000001,0.5490000000000002,0.43999999999999995
1827,0.317,0.625,0.051000000000000004,0.007000000000000001,0.0
842,0.01,0.514,0.44300000000000006,0.028000000000000004,0.005
1335,0.0,0.009000000000000001,0.037000000000000005,0.26799999999999996,0.6859999999999999
2024,0.0,0.013000000000000001,0.044,0.5,0.44299999999999995
2354,0.013000000000000001,0.13500000000000006,0.571,0.257,0.024
2052,0.018999999999999996,0.13799999999999998,0.24600000000000005,0.529,0.068
890,0.0,0.008,0.183,0.6699999999999999,0.139
992,0.0,0.06800000000000002,0.869,0.057999999999999996,0.005
964,0.16699999999999998,0.53,0.24899999999999997,0.046,0.008
619,0.0,0.0,0.005,0.7609999999999999,0.23399999999999999
1318,0.019000000000000003,0.10700000000000001,0.12,0.30500000000000005,0.4490000000000001
462,0.003,0.304,0.6769999999999998,0.016,0.0
1824,0.0,0.0,0.012,0.867,0.12100000000000002
959,0.858,0.12,0.016,0.005,0.001
2683,0.0,0.001,0.001,0.05099999999999999,0.9470000000000001
2740,0.0,0.004,0.030000000000000006,0.7889999999999999,0.177
2924,0.006999999999999999,0.095,0.22600000000000003,0.5479999999999999,0.12400000000000003
2746,0.009,0.24699999999999997,0.5519999999999999,0.175,0.017
1539,0.14100000000000001,0.402,0.29,0.13899999999999998,0.028000000000000004
2642,0.002,0.009,0.030000000000000006,0.25999999999999995,0.699
517,0.04,0.587,0.36700000000000005,0.005,0.001
2166,0.0,0.05500000000000001,0.874,0.06000000000000001,0.011
858,0.001,0.005,0.07,0.663,0.261
1395,0.018,0.16599999999999998,0.30799999999999994,0.413,0.095
1780,0.9810000000000001,0.015000000000000003,0.004,0.0,0.0
1779,0.048,0.8629999999999999,0.08499999999999999,0.004,0.0
2584,0.0,0.004,0.017,0.8140000000000001,0.16500000000000004
556,0.001,0.004,0.024,0.719,0.252
2298,0.003,0.097,0.19499999999999998,0.46099999999999997,0.244
919,0.005,0.086,0.209,0.493,0.207
1202,0.045,0.095,0.26599999999999996,0.514,0.08
2175,0.001,0.023,0.164,0.7350000000000001,0.07700000000000001
1131,0.004,0.039,0.07699999999999999,0.5609999999999999,0.31900000000000006
745,0.003,0.01,0.101,0.6220000000000001,0.264
754,0.002,0.07999999999999999,0.16699999999999998,0.43200000000000005,0.31899999999999995
66,0.093,0.857,0.041,0.007000000000000001,0.002
1526,0.001,0.044,0.137,0.4600000000000001,0.35799999999999993
1391,0.016,0.186,0.24300000000000002,0.465,0.09
1253,0.004,0.05700000000000001,0.07200000000000002,0.7820000000000001,0.08499999999999999
2121,0.009000000000000001,0.148,0.558,0.27799999999999997,0.007000000000000001
697,0.002,0.03,0.083,0.40199999999999997,0.483
900,0.002,0.016999999999999998,0.17700000000000002,0.715,0.089
102,0.006,0.054000000000000006,0.4620000000000001,0.475,0.003
509,0.121,0.8619999999999999,0.016,0.001,0.0
315,0.055999999999999994,0.563,0.36900000000000005,0.011,0.001
431,0.9270000000000002,0.06699999999999999,0.003,0.003,0.0
871,0.689,0.301,0.01,0.0,0.0
2865,0.024,0.25,0.30700000000000005,0.352,0.067
473,0.002,0.055999999999999994,0.527,0.378,0.037000000000000005
1592,0.006,0.04200000000000001,0.16899999999999998,0.61,0.173
2669,0.0,0.003,0.013000000000000001,0.13299999999999998,0.8510000000000002
650,0.002,0.12799999999999997,0.23499999999999996,0.433,0.202
2738,0.038000000000000006,0.30599999999999994,0.4069999999999999,0.209,0.039999999999999994
1671,0.0,0.0,0.012,0.517,0.4710000000000001
775,0.0,0.003,0.031,0.788,0.178
1111,0.11500000000000002,0.69,0.17300000000000001,0.019,0.003
1310,0.001,0.009,0.047,0.402,0.541
2662,0.005,0.11300000000000002,0.248,0.35500000000000004,0.279
1364,0.0,0.019999999999999997,0.075,0.43100000000000005,0.47400000000000003
634,0.008,0.13399999999999998,0.319,0.46399999999999997,0.07500000000000002
2358,0.001,0.012,0.11400000000000002,0.8019999999999999,0.07100000000000001
2163,0.004,0.11200000000000003,0.724,0.15899999999999997,0.001
2307,0.05500000000000001,0.30599999999999994,0.371,0.233,0.035
1147,0.061999999999999986,0.612,0.29000000000000004,0.034999999999999996,0.001
1694,0.5,0.466,0.031000000000000007,0.003,0.0
2397,0.9470000000000001,0.048,0.005,0.0,0.0
1974,0.0,0.013999999999999999,0.083,0.462,0.441
1656,0.02,0.21399999999999997,0.4090000000000001,0.28900000000000003,0.06799999999999999
2174,0.0,0.022,0.23600000000000007,0.647,0.095
2851,0.0,0.038,0.137,0.42600000000000005,0.3990000000000001
1422,0.029000000000000005,0.354,0.526,0.089,0.002
2875,0.0,0.0,0.0,0.03400000000000001,0.966
145,0.0,0.025,0.255,0.6679999999999999,0.052000000000000005
703,0.001,0.003,0.020999999999999998,0.31,0.6649999999999999
1922,0.002,0.044000000000000004,0.225,0.653,0.07600000000000001
994,0.004,0.163,0.7849999999999999,0.046,0.002
195,0.005,0.012,0.027000000000000003,0.522,0.434
1291,0.0,0.037000000000000005,0.05900000000000001,0.39599999999999996,0.508
380,0.019,0.22599999999999998,0.626,0.10099999999999998,0.028000000000000004
1680,0.001,0.034,0.16100000000000003,0.609,0.195
295,0.13799999999999998,0.45100000000000007,0.21000000000000002,0.16799999999999998,0.032999999999999995
2697,0.0,0.001,0.012,0.297,0.69
981,0.002,0.028000000000000004,0.14899999999999997,0.592,0.229
2187,0.0,0.005,0.006,0.16499999999999998,0.8240000000000001
2800,0.07,0.745,0.08499999999999999,0.094,0.006
1265,0.149,0.371,0.28300000000000003,0.15899999999999997,0.03799999999999999
231,0.0,0.012,0.099,0.6890000000000001,0.19999999999999998
179,0.006,0.06000000000000001,0.246,0.5279999999999999,0.16
1987,0.0,0.003,0.005,0.14300000000000002,0.849
1109,0.704,0.281,0.013000000000000001,0.002,0.0
1261,0.0,0.007999999999999998,0.098,0.736,0.15799999999999997
2524,0.035,0.176,0.544,0.21600000000000003,0.028999999999999998
1468,0.001,0.006,0.011,0.9630000000000001,0.018999999999999996
2235,0.0,0.0,0.004,0.10600000000000001,0.89
457,0.9410000000000001,0.05700000000000001,0.002,0.0,0.0
2382,0.9389999999999998,0.05700000000000001,0.004,0.0,0.0
2058,0.0,0.001,0.008,0.394,0.597
2926,0.001,0.004,0.031000000000000007,0.827,0.13700000000000004
1188,0.012,0.099,0.426,0.348,0.11499999999999999
2067,0.013000000000000001,0.035,0.141,0.607,0.20400000000000001
1196,0.004,0.08099999999999999,0.088,0.679,0.148
893,0.0,0.009,0.013999999999999999,0.23900000000000005,0.7380000000000001
639,0.009999999999999998,0.161,0.5469999999999999,0.246,0.036
2160,0.002,0.13500000000000004,0.8119999999999999,0.051000000000000004,0.0
98,0.0,0.015,0.492,0.473,0.02
1449,0.005,0.10800000000000001,0.279,0.503,0.10500000000000001
1211,0.001,0.005,0.06800000000000002,0.868,0.05800000000000001
1900,0.0,0.013000000000000001,0.06,0.6639999999999999,0.263
515,0.020999999999999998,0.39899999999999997,0.5410000000000001,0.033999999999999996,0.005
870,0.11199999999999999,0.7590000000000001,0.12200000000000003,0.007000000000000001,0.0
1239,0.0,0.023,0.301,0.61,0.06600000000000002
1803,0.209,0.75,0.03899999999999999,0.002,0.0
1586,0.34299999999999997,0.6160000000000001,0.03799999999999999,0.003,0.0
1599,0.001,0.009,0.025,0.196,0.7689999999999999
1370,0.0,0.009,0.06400000000000002,0.556,0.37100000000000005
2831,0.002,0.05299999999999999,0.06999999999999999,0.8619999999999999,0.013000000000000001
2459,0.062,0.7469999999999999,0.181,0.009,0.001
1861,0.06200000000000001,0.433,0.242,0.24000000000000005,0.023
1752,0.008,0.647,0.33699999999999997,0.008,0.0
622,0.009999999999999998,0.063,0.08200000000000003,0.791,0.054000000000000006
2534,0.002,0.023,0.127,0.71,0.138
2561,0.015,0.15999999999999998,0.152,0.515,0.15799999999999997
1984,0.0,0.0,0.002,0.17300000000000001,0.825
2213,0.15100000000000002,0.348,0.197,0.254,0.05
1205,0.0,0.0,0.003,0.32599999999999996,0.6709999999999999
1785,0.271,0.6769999999999999,0.044,0.008,0.0
127,0.079,0.29300000000000004,0.263,0.308,0.05700000000000001
2266,0.098,0.48200000000000004,0.384,0.034,0.002
2222,0.10300000000000001,0.43000000000000005,0.261,0.159,0.047
47,0.6299999999999999,0.358,0.011,0.0,0.001
522,0.038000000000000006,0.775,0.17900000000000002,0.008,0.0
2188,0.0,0.009,0.03899999999999999,0.43899999999999995,0.513
2230,0.20400000000000001,0.41899999999999993,0.23899999999999996,0.11799999999999997,0.02
2684,0.0,0.006,0.015000000000000003,0.261,0.7180000000000001
2321,0.20299999999999999,0.538,0.24799999999999994,0.01,0.001
1764,0.897,0.092,0.006,0.005,0.0
2769,0.001,0.022,0.101,0.8210000000000001,0.05499999999999999
2054,0.0,0.001,0.044,0.565,0.39
2433,0.007000000000000001,0.14,0.844,0.009000000000000001,0.0
1981,0.003,0.023000000000000003,0.068,0.49000000000000005,0.41600000000000004
912,0.011,0.06800000000000002,0.176,0.42800000000000005,0.317
414,0.002,0.030000000000000006,0.182,0.749,0.03699999999999999
1951,0.0,0.001,0.003,0.04800000000000001,0.9480000000000001
1194,0.004,0.019,0.029000000000000005,0.8160000000000001,0.132
1884,0.0,0.005,0.022,0.561,0.41200000000000003
2299,0.0,0.005,0.025,0.6059999999999999,0.36399999999999993
2597,0.0,0.008,0.016,0.3410000000000001,0.635
2076,0.001,0.019,0.024,0.356,0.6
350,0.14499999999999996,0.7250000000000001,0.125,0.004,0.001
2616,0.018,0.10800000000000001,0.24700000000000003,0.396,0.23099999999999996
1729,0.004,0.039999999999999994,0.9229999999999998,0.033,0.0
346,0.003,0.10199999999999998,0.611,0.262,0.022
2505,0.06100000000000001,0.546,0.33999999999999997,0.048999999999999995,0.004
604,0.026000000000000002,0.118,0.123,0.657,0.07600000000000001
2547,0.0,0.011,0.39699999999999996,0.5309999999999999,0.061
802,0.5010000000000001,0.391,0.094,0.014000000000000002,0.0
2654,0.0,0.003,0.016999999999999998,0.32099999999999995,0.659
1441,0.009,0.704,0.281,0.005,0.001
944,0.6740000000000002,0.294,0.028000000000000004,0.004,0.0
1767,0.914,0.06100000000000001,0.013999999999999999,0.011,0.0
913,0.001,0.05,0.24900000000000003,0.514,0.186
1982,0.0,0.0,0.024999999999999998,0.31100000000000005,0.664
2792,0.10600000000000001,0.5650000000000001,0.266,0.054000000000000006,0.009
2428,0.259,0.608,0.128,0.003,0.002
2021,0.021,0.197,0.13400000000000004,0.48500000000000004,0.16299999999999998
