index,A,B,C,D,E
1476,0.0011048790153908954,0.32192730622105376,0.6503407890390358,0.02662484174294947,2.183981569932243e-06
781,0.0011619213472386948,0.020262266973511543,0.3382468331758678,0.5543214337860332,0.08600754471734884
2374,4.239446556020929e-05,0.014028157133432497,0.31723667949467405,0.6533568363471791,0.015335932559154128
270,0.4232989625834636,0.5670923082339047,0.009602643550736216,6.085582700396437e-06,4.919511118988439e-11
9,0.00037508045620141597,0.11476577917160995,0.8660597929533365,0.018797752306902636,1.5951119496576032e-06
2535,8.411927476015026e-08,3.456071487774165e-05,0.011134435340596736,0.7797848746018408,0.20904604522341003
424,0.9051364658494888,0.09458735512266214,0.00023366823949375182,4.2510705302406944e-05,8.305284435775684e-11
1110,0.10101269275741402,0.8139418440483358,0.0813866867161876,0.003658650578166266,1.2589989627353246e-07
2515,0.008761020177630204,0.8422239985602721,0.14886979801973876,0.00014516654662724034,1.669573160422955e-08
2274,0.8911773845478297,0.10728514967806228,0.001537220891794447,2.448664013757086e-07,1.591218557397761e-11
2398,0.9778062974410978,0.022001929041975437,0.00018874009623287774,3.0334126051422765e-06,8.088777517277447e-12
406,1.1045817404499047e-11,1.5771860521463429e-06,0.0006272804913238777,0.15441039377929752,0.8449607485322805
606,0.00036408566267634923,0.023246595562129498,0.14499949697164038,0.8250461773543976,0.006343644449156127
2613,3.656898620728365e-11,4.207228070463717e-06,0.0033300166023277743,0.4410153488319692,0.5556504273010635
705,1.4773569545399016e-09,3.010675679061819e-05,0.002803622736496684,0.8629185933135883,0.1342476757157673
1087,0.0003175319359496232,0.032391892953067415,0.9519955689816296,0.015292613531530587,2.3925978228412093e-06
614,3.771674842213287e-14,3.280990536848698e-08,8.907125728831581e-06,0.0020180032300454055,0.9979730568342827
1324,5.988269413239286e-08,0.002763870164594346,0.27419094081917145,0.6851213839468292,0.03792374518671091
1431,8.615751099242215e-07,0.040518708173279155,0.20020380922064868,0.7163519690665024,0.04292465196445982
863,0.13716847789278616,0.8423209918240843,0.020496848311587955,1.3681919005086508e-05,5.2536598011339245e-11
122,7.4978226218858e-09,0.001991978004375583,0.18796507060363776,0.8094264639169453,0.000616479977218823
1033,9.855835653269692e-11,0.0008699495135462207,0.02270845546446835,0.9308111532136205,0.04561044170980667
1968,3.4626376790347012e-12,6.550236956406663e-07,0.00023544474834388506,0.06127840941309855,0.9384854908113992
2443,0.1478306629236975,0.8399045304237533,0.01224994849270151,1.4858141888916185e-05,1.7958805869511296e-11
1765,0.7139435841783726,0.28584455697820177,0.0002118174024097293,4.144101475105259e-08,1.3221217579956008e-15
1308,4.095548113950976e-09,0.00018963625320980048,0.0227972215510713,0.8841737577005613,0.09283938039960932
2018,2.7030519664348197e-09,2.5928977989507117e-05,0.009113883033673798,0.5778948166338643,0.41296536865142036
2323,7.182863226687183e-06,0.1177481020455888,0.6762336444949503,0.20523425997230188,0.0007768106239323874
467,5.6082736913947164e-05,0.09644998943269663,0.8814637326589245,0.02202696071962537,3.234451839468649e-06
140,2.9737973668876017e-09,4.23252033026628e-05,0.014335900298498898,0.671077798350158,0.31454397317424315
2098,0.22516077881582164,0.7600764966663807,0.01471708673053835,4.563506434246e-05,2.7229166882755512e-09
28,0.0023055076741436663,0.5778325049204105,0.31546330209530016,0.10438516058331482,1.3524726830960752e-05
242,3.5778509485352305e-09,5.540942725848831e-05,0.008751663969274908,0.7358678006274846,0.25532512239813104
2786,3.345903980022311e-09,2.1192243321163088e-06,0.0012906367310117676,0.9336871794992805,0.06502006119947154
1794,0.003759463658568751,0.29924492478514286,0.5717874473291583,0.12513449387436504,7.367035276508406e-05
1273,2.7679818055320714e-09,0.0002731484771787403,0.033126628633391456,0.9257704226468663,0.04082979747458185
856,3.194306695841549e-06,0.00015915021516927318,0.010036401238577429,0.9457508261623101,0.044050428077247475
1926,3.9020479358365836e-10,7.4677817254487474e-06,0.005739164614948448,0.7108486005835793,0.2834047666295419
2346,1.2741084139583e-06,0.004809249887086727,0.6505374160776513,0.34414557463594625,0.0005064852909018751
2834,9.921212077504426e-14,2.557453255838039e-06,5.679691244531986e-05,0.04647722127617885,0.9534634243580209
2472,6.509592464151741e-07,0.007718961435447083,0.044231346886493,0.9114815766025816,0.03656746411623185
1199,0.9729744953845857,0.02688427140376353,0.00014119756807852888,3.56435716669231e-08,6.687128062726504e-16
587,1.7721217200960046e-08,0.00305501961750741,0.20227838737179596,0.7738766585044949,0.02078991678498447
1448,1.1358703461676018e-08,2.5004087025141748e-05,0.003458068717729079,0.685138042267771,0.3113788735687713
2446,0.9995396098000046,0.00046036260169082387,2.7434602050584867e-08,1.6370268527437527e-10,3.040758471939609e-18
2879,1.4427813441339275e-18,2.5828407886137115e-13,2.805222768401576e-09,0.00027496315068394674,0.9997250340438351
1567,3.863522441605629e-07,0.029174097766285847,0.2713506507027274,0.6962379234748933,0.003236941703849238
1234,5.1185813947074486e-09,0.00027918443339346963,0.022797381925022706,0.8695398422120761,0.10738358631092634
1685,0.944771952702528,0.05073550805732118,0.004287069097751767,0.00020546560981799037,4.532580941846783e-09
1896,6.548287906041727e-05,0.3348064697420092,0.4101597131373958,0.25479337150656334,0.00017496273497114685
1778,0.2893257466837005,0.6751105344993382,0.03550278986826223,6.092605347016319e-05,2.895228864855822e-09
2038,1.1420376561974214e-10,6.790421436583789e-07,0.00013513317949940553,0.028281960824183452,0.9715822268399696
2670,5.228722625882777e-16,2.5938216613148518e-11,2.5589077374625397e-07,0.0015003852700056144,0.9984993588132819
1350,1.61539667983257e-08,6.354783485317694e-06,0.004455564932822787,0.31890937242687173,0.6766286917028533
1440,0.04641277355806055,0.7620009850675894,0.19046857792560834,0.001117643642200773,1.980654096725228e-08
2369,8.113682816607462e-12,3.0709712579264434e-05,0.007862083843314166,0.31428955411874504,0.6778176523172478
161,1.403673829660871e-07,8.309202558154747e-05,0.006619730922244721,0.958466485497741,0.034830551187049835
24,1.529439145551339e-05,0.02446710499493389,0.07078294534624,0.8837873822655521,0.020947273001818336
1548,2.777534019168982e-11,3.07030912622201e-05,0.003621539364514653,0.7017916036857926,0.29455615383065514
2636,4.793966933594386e-13,8.165693304825098e-08,0.00029688069887041663,0.0649964798753028,0.9347065577684144
1236,7.326364343259979e-07,0.0011750250009088007,0.033491706762970745,0.9070214375287835,0.058311098070902664
1583,0.6852863951045325,0.2813918183600241,0.0332822323364145,3.9551435632962525e-05,2.7633960737532595e-09
2291,9.3856803507985e-08,0.00279025675337726,0.5363017042070929,0.45796724595533717,0.0029406992273891567
2132,0.05183426578007668,0.6882114348324576,0.25592865073607995,0.004025566588845069,8.206254077676202e-08
746,4.3060718641622993e-10,2.5503029003258793e-06,0.000725176409282663,0.7242253390205204,0.27504693383668927
1090,0.003601048104722741,0.8102933800132213,0.18485870285495024,0.0012468503077593426,1.8719346249294914e-08
2511,0.0026171049220773492,0.03338838216351055,0.34737411894680403,0.6146593313100844,0.001961062657523588
1174,0.00757784422711735,0.36753170433058924,0.612442283590051,0.01244808045140537,8.74008371102383e-08
502,0.05685755686493689,0.8922553959478432,0.05082040721451257,6.663983313408772e-05,1.3957315095824385e-10
1801,0.009480112012954197,0.6439545384412101,0.3415299608361474,0.005035228592010849,1.601176775027347e-07
375,1.4351224367239872e-05,0.07156992769558117,0.8385201489157373,0.08975639099754638,0.00013918116676791463
709,9.500415460039353e-17,4.435578276549647e-12,2.051720275886837e-08,0.0019604829365845442,0.9980394965417769
323,0.0008228673706595816,0.05833743983067175,0.7813623595491558,0.15884656920107054,0.0006307640484422997
2295,2.5741210397361926e-06,0.04808388225909054,0.627066221739974,0.32456157752507836,0.00028574435481741123
2454,0.03944673223441737,0.9410882900692711,0.01943138860664259,3.3588989026914624e-05,1.0064198313297097e-10
1631,1.938179872510371e-05,0.029792298930722532,0.18315199596430015,0.6411184779056217,0.14591784540063052
632,3.647313371308435e-07,0.07190853895670203,0.49965068233719356,0.4139148047463097,0.014525609228457578
1607,2.8240522457201424e-06,0.12794143465102253,0.4043923388256852,0.46725873928555556,0.00040466318549091894
1612,3.742756278338218e-05,0.014627653580276996,0.12218342935043289,0.8589129171296825,0.0042385723768242085
529,0.006481039340591928,0.8890846508807368,0.1039843320569423,0.000449974715146412,3.006582711530215e-09
592,0.013276078029717185,0.9334241468566002,0.05287241147283788,0.0004273421187458785,2.152209857001981e-08
1423,0.0005809059903502935,0.23184371457318906,0.7184333347527699,0.049124937799433645,1.71068842570172e-05
2099,0.9063081706277267,0.09302068949761226,0.0006696721592352343,1.4677101682137026e-06,5.257379654358644e-12
1863,2.998328133599496e-08,0.0014016339898690227,0.03608273229510007,0.9428492492076936,0.019666354524055987
144,2.8103673887810274e-08,2.4090427876190297e-05,0.007987287438280134,0.7033255841050097,0.28866300992516003
589,0.01360566264113851,0.9699378112906554,0.016344325048528303,0.00011220008180232714,9.378756711376122e-10
673,5.990438624863313e-06,0.25686654482908783,0.6697445103173009,0.07335214117258845,3.081324239802571e-05
2353,0.631295729128953,0.36174610668639956,0.006920196290895243,3.7967889115522266e-05,4.636789133835057e-12
789,4.0058194307976965e-11,1.2641733271553052e-06,0.0024979546917129453,0.2258882833151327,0.771612497779769
2164,0.0001826124261104002,0.30927986329676777,0.6334580661657652,0.05703646788164719,4.299022970950502e-05
531,0.01741856317497353,0.7585817104482524,0.22028214778726155,0.003717438124695326,1.4046481728257163e-07
1879,6.003678979494612e-14,5.768875147935238e-07,3.146256933834593e-05,0.01651744032428255,0.9834505202188043
2724,0.0001353740838268136,0.026500620325045698,0.14411744334687637,0.7919209074902196,0.037325654754031476
2812,0.06576597443068874,0.7157644957778851,0.20530143082451066,0.013166465605117656,1.6333617978236863e-06
484,0.39307210356771544,0.6018005870496863,0.005122368104318714,4.941265918863039e-06,1.2360712866892966e-11
2420,0.007742587174194261,0.17155552102816068,0.8114345110261958,0.009246015680482812,2.1365090966447794e-05
157,2.421160153499695e-11,6.164677121205201e-05,0.027377244026309693,0.8090413835075503,0.16351972567071632
1453,0.03366369514661646,0.9100819674175501,0.056151887335164,0.00010244280155059965,7.2991189491638805e-09
1315,1.868047582483391e-05,0.006345294048885063,0.11629044535291078,0.8704269076495081,0.006918672472871187
1224,2.295057130968777e-12,1.0121922993685027e-05,0.010177213467259551,0.2753554304691722,0.7144572341382796
1141,0.0018078147421446509,0.7526577063742187,0.22813225111301177,0.01740177477189734,4.5299872763606026e-07
591,0.6891792390407826,0.2569426733414482,0.051493904549715946,0.0023841696015827582,1.3466470601579193e-08
1921,6.272290657730989e-08,0.00038847531275690425,0.022091615833128003,0.8902035833980476,0.08731626273316088
2586,9.094406292502784e-10,1.8608203481577609e-06,0.011876664276986254,0.9100118552676751,0.07810961872554985
1185,0.00010798055269227632,0.21271935333423436,0.5647611855354782,0.22206573174270933,0.00034574883488590607
902,1.8244439074565487e-09,2.6820521272681484e-05,0.008793352939061758,0.25880547410222043,0.7323743506130012
128,7.342277791254982e-09,0.02826900730831559,0.3156465682812621,0.6492106824811292,0.006873734587015328
191,1.2730153946751226e-05,0.011117519267335532,0.04393269157290748,0.9027772008185976,0.04215985818721262
449,0.1841350344446242,0.8072188114259238,0.008644077487590048,2.07664148924487e-06,3.728070588670473e-13
2388,0.9034013468247312,0.09599732752477741,0.0004707793664992735,0.00013054612130974287,1.6268252862545043e-10
1956,1.0339413767975944e-09,0.00010689623351406667,0.013620383023973611,0.8885109378660395,0.09776178184253143
95,1.2527713088702714e-05,0.01713506765026893,0.7378459223349201,0.24202609618528878,0.002980386116433574
1684,0.992905762149175,0.007036529858566744,5.6314447661568815e-05,1.3935324093620295e-06,1.2187495701203258e-11
1881,1.0329271942962467e-23,5.889810351018499e-09,0.8625792129070154,0.13546512298423985,0.0019556582189344048
849,0.0013318217015722716,0.3032866268054466,0.6393319384206708,0.056040863208029874,8.749864280523313e-06
2521,0.0011912347213443792,0.6330978462000812,0.29833495737418175,0.06514188553275739,0.002234076171635211
2037,6.766885338710543e-11,3.014278689697158e-07,0.0010305209281460995,0.13767050657781432,0.8612986709985017
1298,3.848337500650741e-12,1.022636787329623e-08,1.8693649279115802e-06,0.017486017813441144,0.9825121025914147
1208,1.0210365485853593e-07,0.031184556785558374,0.6723245493196167,0.29563950478665174,0.0008512870045183795
2790,0.005613527844168947,0.7143429130629498,0.26884655098901006,0.011196751327131972,2.5677673902890397e-07
2723,3.340200619507419e-07,2.6964453618996157e-05,0.0054667144607486815,0.9481399991858794,0.04636598787969091
1410,7.422081823803325e-05,0.021609262580470877,0.17710960304257087,0.797325016302223,0.0038818972564972094
1846,1.5141745162290922e-05,0.04421077849730608,0.6602394265229814,0.29064475868954365,0.004889894545006722
1034,3.690543589805595e-08,0.008241206558059067,0.09949657079712124,0.8880831430108528,0.004179042728530926
2765,1.8477457329997177e-07,0.010405613333666878,0.5742393123940137,0.41014963413932765,0.005205255358418365
967,0.9806829216233531,0.019201004542279167,0.00011197184024167129,4.101987522597746e-06,6.6033432875899614e-12
2372,1.1606677524774351e-14,2.3300598467616135e-08,0.00010734744224508903,0.059264373385751745,0.9406282558713931
1120,0.021170955826094216,0.79496906168879,0.1697016060670564,0.014147547695994998,1.0828722064450314e-05
1937,1.3364701011470278e-07,0.0024437916904877324,0.013281383481522469,0.5846673667808285,0.3996073244001512
951,4.3772289470208035e-07,0.0031616877504269587,0.14073478204079617,0.855518137548189,0.0005849549376932897
1903,1.1402139382657795e-16,1.1165102785739136e-09,7.372171944040827e-07,0.02127742109287018,0.978721840573425
2088,1.8005262736977246e-05,0.0007803928869697937,0.020621744088278566,0.5446952656862781,0.4338845920757365
2221,5.763765015810504e-06,0.06517881173891879,0.15295346967504875,0.7801912302600397,0.0016707245609768658
2890,2.2777366664146757e-07,0.5212604773080625,0.17182194524032035,0.30688687720873703,3.0472469213475435e-05
1533,0.0009210383994794289,0.03832581541731408,0.7567578325197624,0.19857720662677225,0.005418107036671881
1571,0.011112754898984131,0.65790188737381,0.30945718581018133,0.02152225628494544,5.915632079017203e-06
2287,1.7675829532151073e-13,1.7546209425065972e-08,4.507417608961126e-06,0.02743069914280274,0.972564775893202
378,0.00023818879940045815,0.1576092230420335,0.7716005617117098,0.0705130534644592,3.897298239722828e-05
2082,2.3334837413043962e-09,0.0004207572905468213,0.016478734018615788,0.4230885590950719,0.5600119472622818
1294,7.521276074451968e-08,0.0016911079964291083,0.0029779597148657075,0.8882718964008038,0.10705896067514073
1445,6.785458041833022e-09,0.0008704207066886955,0.6601197110173506,0.33435235804693686,0.00465750344356575
2263,0.1464762457626511,0.8416139052124232,0.011895520310786832,1.4325314914806664e-05,3.399224266436247e-09
2192,5.822391895415317e-12,3.204227220371903e-07,7.596263376787165e-05,0.1437220485524184,0.8562016683852693
247,0.04317617255642786,0.5894314220528387,0.3664650059160852,0.0009273971138728575,2.3607753011300176e-09
1263,5.5914504698378e-08,0.0002249567413318849,0.01370023855088215,0.9619827655868511,0.024091983206430235
2310,4.2906464920800364e-05,0.09395040886550166,0.857422646150129,0.04857620821434022,7.830305108341074e-06
2602,6.015288540191964e-09,1.2023866473255628e-05,0.0004298407157819325,0.07932784624014162,0.9202302831623146
1040,5.080843974021787e-14,5.556113816409736e-08,0.00013659727469814923,0.026092365331289443,0.9737709818328235
1672,1.0259659322460112e-07,0.0002900699910445693,0.07191432761794955,0.8417654459488472,0.0860300538455654
626,0.0005142631401498189,0.22094354770582414,0.5189808397402577,0.2595290656192843,3.228379448407113e-05
1635,0.9861311677508192,0.01375224317458795,0.00011641560076986258,1.7347350056921932e-07,3.2227494247849847e-13
1052,0.9999494850178284,3.742495421812187e-05,1.2798867714584425e-05,2.911602382088591e-07,7.9654196056148e-16
2334,0.9998644232304782,0.00011224551905246225,2.326648383893985e-05,6.476663051594014e-08,1.7117690502118056e-17
1069,0.8938598506113737,0.10511255532351566,0.0005392263472967006,0.0004883623025758459,5.4152381008712005e-09
130,7.706818844633101e-12,2.2594842253243668e-08,2.224115787237232e-06,0.08639890976756098,0.9135988435141027
2045,0.06463634922351895,0.8917194475949654,0.001305944156816839,0.042338107498214574,1.5152648407235259e-07
2677,1.5027400109293306e-10,1.1743124748539552e-06,8.295942168138381e-05,0.09764198456580288,0.902273881549767
1929,7.166628455290825e-10,1.2280710385054811e-05,0.006553785360812914,0.5495663520092138,0.4438675812029254
1530,4.060502767418863e-09,0.0007260433494623682,0.34710131767602415,0.4372350051182334,0.21493762979577744
1361,1.987032534415497e-09,0.012078062144056633,0.5592991725511938,0.3435825489733351,0.08504021434438186
1698,0.01709431650129587,0.9589430406698914,0.023842719559866787,0.00011991991044045212,3.358505472614952e-09
2643,4.8007280975029e-10,3.609772448023946e-06,0.0013359355764410409,0.5936479136067827,0.4050125405642554
1832,0.8625626698249717,0.13728047521422557,0.00015680867975608915,4.628103910505316e-08,7.600787795202732e-15
163,5.009868369983465e-09,0.00012692699852460168,0.010356001293710854,0.9315470553986857,0.057970011299210415
839,0.0005671927585226658,0.6186394483326189,0.3595772423346106,0.021193999998987436,2.2116575260363548e-05
2928,5.834378853230174e-05,0.15505645866473208,0.5986484994168169,0.2439702017382737,0.0022664963916450786
1359,2.633912073222475e-14,1.9437510055926675e-07,8.787463908938782e-05,0.011185791499306612,0.9887261394864773
2600,2.646278239868801e-08,0.0002495420220452198,0.05971562207456606,0.8658085866394543,0.07422622280115213
519,0.0026061817696631825,0.34570540473170086,0.5878010379950888,0.06386703430491347,2.0341198633689223e-05
918,0.04360029349505304,0.6376423134494797,0.24426427212070081,0.07447417601353017,1.894492123627895e-05
2891,0.5375064803033658,0.4613279607978145,0.0011653986177637143,1.6028104997004034e-07,6.140884402377313e-15
2289,3.110382840312786e-15,3.376973749527051e-10,1.0614866816692114e-07,0.0029476247794391493,0.9970522687341923
516,0.0002501846745277293,0.11163086848019295,0.5915044067815797,0.29591086532553335,0.0007036747381662713
1554,7.118195140910114e-13,3.4908659069311084e-07,9.750938308309842e-05,0.017462479438934423,0.9824396620906799
296,0.30563783444928927,0.6926514964626473,0.001680333600163001,3.0335399349802007e-05,8.855056038169051e-11
1064,0.9953790667748343,0.004619947894287191,9.790367003572925e-07,6.294178097706747e-09,8.935902739309213e-17
728,0.04163390480173709,0.32529771791489664,0.5347717389435612,0.09827905045661109,1.7587883193893365e-05
1195,1.251314669985279e-10,0.003064408522566947,0.086133907328544,0.861077963876194,0.04972372014756356
2768,1.0618556778269632e-07,0.00022083996575491207,0.1702358200802305,0.8174083493570862,0.012134884411360698
546,4.489952178188759e-05,0.5126735604292023,0.4756792475283881,0.011600798984428113,1.4935361995529667e-06
389,6.419398768489656e-07,0.00998063080494135,0.7545193503737653,0.23063970600390202,0.004859670877514449
2526,4.222762747651505e-07,0.03960482540802083,0.6507796311851152,0.3093817847314462,0.00023333639914297359
2929,0.0037073813135457836,0.8071476229857493,0.1885319938518826,0.0006129953105813811,6.538240978884096e-09
2550,2.1323885813490438e-07,0.0020168977104315223,0.04179690092984431,0.9377233444266989,0.018462643694167034
2010,2.127846987074115e-10,7.29415539073487e-05,0.07756890691960634,0.6952330199157146,0.22712513139798698
1960,3.906371122876987e-11,1.2719430122466052e-06,0.008005788564771223,0.0364981021296657,0.9554948373234871
2249,1.3945564072653042e-09,0.00038085119377990144,0.021691770523519015,0.8624864728144553,0.1154409040736893
81,6.600561036652358e-07,0.027873942714174333,0.8213967763838569,0.15008204099101613,0.0006465798548489353
2581,7.532691219508137e-08,0.00031503215681116586,0.2724226302607315,0.6275199490849892,0.09974231317055592
2729,1.094749379302578e-08,2.4638707757812633e-05,0.002694527146407887,0.9583647453589842,0.038916077839356356
466,7.840303741726482e-06,0.055426774092427224,0.9247532316029999,0.019811119337693774,1.0346631375808933e-06
1750,0.0007198774378381495,0.5432963285302818,0.44940453888144133,0.006578915850310015,3.393001286703497e-07
610,5.137688813673391e-07,0.013896282014598114,0.5619804472940928,0.42264504208885934,0.0014777148335683886
2473,1.261741882742176e-06,0.002242340242975339,0.2162535558814983,0.7635482154165247,0.01795462671711891
2395,0.963497792833373,0.036441564918793,6.0198109795193555e-05,4.441373593287591e-07,6.795197237431582e-13
1435,0.0008341296170064952,0.5665491001828454,0.40119534233551385,0.03142101995516907,4.079094651057125e-07
2227,1.0368811091495279e-05,0.021749327758714795,0.11456245654477169,0.6266179509770725,0.23705989590834944
1244,1.8924450756392234e-09,0.00018346240605487626,0.01943566631195824,0.6607055123145215,0.31967535707502037
2877,5.482099094485252e-08,0.02945089860233517,0.33180044563509303,0.6178416963601244,0.020906904581456484
238,2.2332987874674525e-08,0.0003914051179436943,0.012629539528889473,0.43012899911104385,0.5568500339091351
1601,6.91255026689834e-11,8.87952732129155e-06,0.006418477197861664,0.39821752813869127,0.5953551150670002
1043,1.5729802650975883e-16,2.3600836299136854e-10,4.128489880004079e-06,0.005623319438490427,0.994372551835621
1768,0.07990233296081377,0.6621482274790191,0.2575813417985356,0.000368096988087567,7.735438925762239e-10
1997,0.11342589076776122,0.13229110033926167,0.3594176519453153,0.3905228396329885,0.0043425173146733435
2629,4.5946673551468253e-10,2.2253184024467335e-05,0.0062992617286851725,0.5836147345462183,0.4100637500816053
1905,2.967293657565553e-05,0.049641493131127014,0.7473325411079517,0.20295197777668894,4.431504765674991e-05
1493,0.00039406931444277866,0.37954551736428105,0.6077074363108286,0.012352110119399897,8.668910476864558e-07
1616,2.1212967980082602e-06,0.04490134591422755,0.9009362661669871,0.05408014995027599,8.011667171151686e-05
2022,6.597474586763468e-08,0.0874608859379538,0.5739636849750636,0.3360634261198251,0.002511936992411546
737,4.0408684397405007e-13,2.014626283423844e-07,0.000338659751995176,0.0821303330734305,0.9175308057115418
1862,0.07816638817931107,0.8611289745777952,0.0605103157597178,0.00019432092238873312,5.607871956307687e-10
682,5.458769399580908e-12,5.797868960183208e-06,0.0034731551574921555,0.3180912284451781,0.6784298185229107
1841,6.767560143627919e-05,0.011820425137235455,0.45214296913281377,0.5332019153314853,0.0027670147970291683
129,1.795840707665988e-08,6.315926242571814e-05,0.003078685273244877,0.11484313747847513,0.8820150000274471
1909,1.5246266953299799e-05,0.05882747955831688,0.4441396074505746,0.49589421331440847,0.0011234534097467966
2000,1.1988370211314852e-05,0.0005345446301953246,0.16940442716259405,0.8227900806431667,0.007258959193832632
1269,4.608977866980329e-09,1.985188773549496e-06,0.008794145614211525,0.9821936970508061,0.009010167537230876
2759,0.9621850926446119,0.037646967913144036,0.0001669446061089756,9.947709169961793e-07,6.521820206759856e-11
2798,0.004326083853495742,0.8502557224378062,0.14450349967811754,0.0009146912898181842,2.7407624531524133e-09
950,5.788405387267799e-08,0.0012354455665135064,0.5205236274743528,0.473003465652658,0.005237403422421999
837,0.0007595705854760633,0.33551357195532516,0.6295373332911635,0.034188919629352735,6.045386823633183e-07
1966,4.017484263974426e-06,0.005959134860050598,0.14860727975848995,0.8227747421641899,0.022654825733005486
2494,1.0905228889817355e-08,0.00010397287009944142,0.006774698134804088,0.6983892365469409,0.2947320815429268
1317,1.650908648037031e-07,0.00043255360151012054,0.10834012725652599,0.4574600357479154,0.4337671183031838
1675,5.76813580273949e-14,2.0823236639081363e-07,0.0003006305200950242,0.043950203563788016,0.955748957683693
2016,1.076608125960963e-09,8.395934806244307e-05,0.005856484625499257,0.4499341872694621,0.544125367680368
2273,0.01585443370322324,0.6965108477377938,0.18373582115879278,0.10382992945455702,6.896794563308588e-05
1060,0.9878710083655453,0.012124303174532688,4.634903557109705e-06,5.355636266992004e-08,2.1149209294692223e-15
1151,7.400280718715362e-06,0.0038734879329972117,0.03687192285633436,0.9329652383451331,0.026281950584816752
2212,1.4205511552970163e-10,3.693428852903771e-06,0.007545678020848612,0.05603781083582901,0.9364128175724145
681,1.6311442101998758e-10,3.837035082475937e-07,0.0008265496811306339,0.1669108980249451,0.8322621684273015
1079,0.0065476437042031495,0.6117747758664797,0.363387690736922,0.01828790999918104,1.9796932141777524e-06
2619,1.541873817262426e-07,0.0007357055369658848,0.012896621367727214,0.842614238126116,0.14375328078180927
2209,5.029794127289629e-11,0.017581310349330068,0.11655232008261913,0.8058204574599788,0.060045912057773966
908,2.301913390098115e-09,0.0009130740447702182,0.13119879489900765,0.8472181702796414,0.020669958474667332
532,0.011454310338266388,0.45409825705215034,0.5097397089905791,0.024706917074852685,8.065441515256236e-07
2197,1.9450496637433513e-15,9.171678912834787e-10,1.9509380380977258e-05,0.024689970118923488,0.9752905195835256
1097,4.709625218058244e-05,0.13502933992044625,0.8342038076553623,0.03071204009523781,7.716076773089856e-06
2876,7.6342452870767e-14,1.455257180293348e-08,9.752113195394e-05,0.015763211153383232,0.9841392531620148
2652,5.1548900479176857e-08,0.002982342222986423,0.018553916462436686,0.7373672976521614,0.24109639211351497
1995,1.793138643856802e-07,0.0062054460320487516,0.08529263830113028,0.7614067520160472,0.14709498433690923
33,1.7935672938303577e-08,0.0017242261801127172,0.20537016072562952,0.7171264376831674,0.07577915747541744
1057,0.9825038673587908,0.01743485446236942,6.070238437728916e-05,5.75793891203408e-07,5.711339432956271e-13
1980,2.861680204717427e-11,6.125574765585924e-05,0.019519354224676325,0.6101895926543622,0.37022979734468886
322,1.7657322327229925e-07,0.00020362512596034134,0.023919925411489053,0.940371630485649,0.03550464240367821
2712,8.669739779005416e-09,0.0002622965070278635,0.01293991763718709,0.9211246651378594,0.06567311204818586
1615,0.001480494419830111,0.5443707583643481,0.4467851268035543,0.007363234309368648,3.861028988103464e-07
1062,0.77200862794022,0.227921606341696,6.968984360412761e-05,7.587447170975071e-08,8.153878466482418e-15
321,0.94437765666343,0.05395996245196473,0.0016554458110320707,6.934960005980486e-06,1.1356737917283955e-10
477,0.0004093631379029685,0.30112989091971876,0.6925980370340209,0.005862180843865257,5.280644922351144e-07
2191,1.2844918775675003e-12,2.255767680971598e-07,6.069869341844987e-05,0.14801977712781594,0.851919298600713
2226,0.0027248427123294093,0.3193473454313246,0.45804747557759,0.21969006149911527,0.00019027477964085935
1632,0.17663177944855,0.3562154419772141,0.4538798626262759,0.013269196803959984,3.719144000046271e-06
1222,3.756701013862582e-15,3.2787199899320227e-08,5.162419798991904e-05,0.030955164447681274,0.9689931785671251
234,0.00013113974329426366,0.11052091676179472,0.11884600055232286,0.7683011299468709,0.0022008129957170816
540,6.075868113854066e-08,0.0012393529589892099,0.032524376759756266,0.8508609871625668,0.11537522236000657
1270,9.439797808771302e-08,0.002859254570908366,0.04946457063520182,0.9193438118007151,0.028332268595196698
1439,0.000777564996613124,0.35346627109728057,0.5799008056682651,0.06583723208093548,1.812615690570938e-05
2569,2.5109871295630877e-12,6.415458674329243e-08,0.00021175212714217185,0.5564674255977413,0.4433207581180188
143,1.3024312999595037e-09,0.0003203922981760969,0.047438732256474596,0.6808448130869905,0.27139606105592756
505,0.0008754724956379087,0.9361763718415107,0.06263693549632203,0.000311219761676686,4.0485258055915803e-10
2253,2.077737881097013e-06,0.00024314818258186163,0.5914896576009376,0.4037488406657943,0.004516275812805066
1326,4.073743657872982e-09,4.073786741679752e-06,0.0004972780666463773,0.18930169893743293,0.8101969451354354
731,7.521076602848134e-07,0.008207775862927221,0.2404871309682652,0.6983771784536501,0.05292716260749727
2501,0.6389342872519846,0.36093289135054585,0.00013281419232467808,7.2051444263252095e-09,4.105863081466772e-16
2775,0.006056137499281798,0.7195931927257773,0.2711317458512842,0.003218639536757255,2.843868993896288e-07
818,0.9972392954292959,0.0027483716019069226,9.730540283535264e-06,2.602420507856582e-06,8.005933119281056e-12
2539,0.000594131130285658,0.0020081442832071673,0.010284620763098077,0.983363589374388,0.0037495144490212458
2046,1.1889590399841688e-11,1.0711073411778112e-05,0.0013529551351292178,0.20370557237229298,0.7949307614072765
442,0.9696502549644029,0.030294380309342304,5.438080501534691e-05,9.839211522732449e-07,8.729678786935271e-14
1343,3.3588314648359567e-13,1.8350084545149637e-09,1.0219183151568464e-05,0.001620251971727916,0.9983695270097761
1693,0.9982466285076129,0.0004307670846058956,0.001317856431266474,4.747976327689371e-06,1.8714296010458556e-13
2153,0.6653813102862648,0.2133863724610124,0.12090954186239908,0.00032277420417786213,1.1861457820173578e-09
2819,1.020967997846112e-08,2.5008947103812164e-05,0.10625007416198512,0.7088037637546356,0.18492114292659553
1888,3.683016976049792e-09,0.0017627719775433488,0.024768411362709294,0.8712307634643239,0.10223804951240646
436,0.8797140650505436,0.12028035930498542,5.573261173984654e-06,2.383297187877402e-09,7.902509795481679e-18
2628,8.122845388521373e-09,0.0005979696576339954,0.026423120388746186,0.8802930110518609,0.09268589077891351
915,3.022993724210327e-08,0.004980953006914682,0.02042319645949814,0.938774172815437,0.035821647488212906
2709,3.613168478407092e-07,0.001538584259239318,0.10944810621819219,0.8872118246146424,0.0018011235910782028
2014,2.866543789601036e-09,0.00014899234969907235,0.005171630197269846,0.7910744841769128,0.20360489040957436
1505,6.597799985164769e-11,1.0510285695254608e-05,2.132980162737738e-05,0.4512280491964159,0.5487401106502835
1130,0.0004869567553048187,0.4357787582628099,0.536408259237035,0.027325349600893348,6.761439570968403e-07
2635,0.014343994272227125,0.05848347649018251,0.1260868691510226,0.7937217095877536,0.007363950498814238
2599,2.483245788333193e-13,2.5926819916009464e-08,1.4338913917492656e-07,0.0013550719661449672,0.9986447587176477
1751,0.0003845965237895569,0.04544553193514377,0.8749918421468522,0.07915810254859729,1.9926845617109926e-05
760,1.1329317634917319e-10,2.1262186048324825e-05,0.05249574312839714,0.4949002713584112,0.4525827232138501
435,0.8293750114232145,0.17027480843344073,0.0003501569285666846,2.3214742720730945e-08,3.558805753782123e-14
2912,1.5326875684857087e-09,0.00331395804149163,0.03149038330450719,0.9454576593409801,0.019737997780333274
1906,6.1882552074185015e-09,5.227457920057847e-05,0.006186347245285642,0.68693209565358,0.30682927633367857
657,4.4096728996515745e-10,2.088359950137696e-06,9.681749542143065e-05,0.039208218997470526,0.9606928747061907
7,0.00017942446399409114,0.2631998670053253,0.6258414532120951,0.10798879262849828,0.002790462690087213
1248,2.7079111579127715e-08,0.005543058566957205,0.7498701837940036,0.24368779262506382,0.0008989379348638697
2919,7.997352191488009e-15,5.413491185477017e-09,1.8792324244435003e-06,0.007516882689254044,0.9924812326648224
685,4.1527955825418043e-07,0.0011730579912415393,0.03434095471896682,0.7440596349104168,0.22042593709981656
486,0.0001521072420843939,0.05610936261398854,0.7333073220876413,0.2103962725458555,3.4935510430352936e-05
461,0.03588793337277517,0.8584015421576101,0.1024588105797385,0.003250974884863982,7.390050121574422e-07
569,0.00043536892855192225,0.4158710773137766,0.5254909664318838,0.05819310630147268,9.48102431505984e-06
65,0.9911894655065027,0.00881018960445832,3.448711899941835e-07,1.784889428438181e-11,7.002531298597222e-20
2503,0.06266011022388122,0.9326950463981485,0.004600319115116782,4.452402641108879e-05,2.3644251649199777e-10
362,6.819543380892453e-06,0.10869124135430525,0.5828208313469775,0.3077163151282281,0.0007647926271082969
1945,0.8414984767814513,0.15536021025294183,0.0021056815035438033,0.0010356165104956115,1.495156764976186e-08
2577,1.2352649925968244e-06,0.0024791358118202976,0.4346930444179754,0.5602808840582173,0.0025457004469943887
2211,0.00010371968134668258,0.023883112321019508,0.8711845217811556,0.10287532362454055,0.001953322591937513
1206,2.1946529221175244e-11,2.1043342265942898e-05,0.0016942735785463858,0.12888765139118055,0.8693970316660606
2673,9.597043477483541e-08,0.19694964987564512,0.5987195365277757,0.20267404748516496,0.0016566701409796362
2089,2.4220986060553728e-12,0.1658513904658971,0.7997906290671213,0.0343579196355439,6.082901554699092e-08
395,5.996429140059838e-10,1.9664594844042807e-05,0.0074700156531570154,0.40495027326285543,0.5875600458895006
455,0.0006889566120137227,0.7896787256604296,0.1926526053873925,0.016974184455437552,5.5278847267185125e-06
1515,6.093483949531788e-09,2.940535655409909e-06,0.0003068851940540912,0.25400367490606046,0.745686493270746
488,2.464591495782574e-05,0.06372673546007789,0.9172335386160538,0.019013131884953575,1.948123957061523e-06
1345,6.14633551639123e-06,0.024706302665187148,0.3983737757431513,0.5676240463853227,0.009289728870822406
884,4.999775606535268e-07,1.629334513563143e-05,0.0005970265296596632,0.12513457188540944,0.8742516082622347
2238,1.1790359963735495e-13,1.5854465369436524e-06,0.0014976976693191002,0.12938946034611773,0.8691112565379083
1659,0.00012091832139576948,0.54131972760297,0.4541861138446901,0.0043722543083796785,9.859225644241834e-07
222,4.785099787513924e-06,0.0009421858800122259,0.0354145139525566,0.9356467164754684,0.027991798592175366
2672,8.24665049425267e-07,0.07047855255030888,0.2071550222587843,0.686976896095538,0.035388704430319384
218,7.530027944986124e-10,7.548940752200611e-06,0.028044158714197243,0.7363331959178306,0.23561509567421718
777,5.7989499136808124e-08,0.0002723432650424354,0.2104745724567065,0.7883540609945991,0.0008989652941529085
616,2.495072410432467e-06,0.04132164007071654,0.5989009070594354,0.3578847124065071,0.001890245390930591
2092,0.937343510996543,0.0620952475172924,0.000561172194701013,6.929146085779722e-08,2.9114604230931774e-15
2745,3.62308299311145e-09,0.000569405317654959,0.03814036287860755,0.11529569259006785,0.8459945355905866
598,1.1791862467648816e-07,0.024526206957725664,0.7617135117696794,0.2118492391029137,0.0019109242510565593
160,0.8141881864490418,0.18204580063401002,0.0037509892486402335,1.5023668083566564e-05,2.2459734769663999e-13
996,4.022675147206222e-06,0.08602079553690158,0.8994690086537085,0.01449462012769762,1.1553006545167577e-05
2394,0.9879504795313215,0.012046586840413228,2.932994947981202e-06,6.333170103243787e-10,1.223284950927839e-16
1183,0.9575983050481978,0.04128493716747062,0.0009897013827193284,0.00012705634592526734,5.568702408395077e-11
483,0.029945404086235257,0.926168508435309,0.043792064616275744,9.402235934741944e-05,5.028327521000743e-10
2872,1.1141923580886364e-12,4.3110518687042917e-07,0.000476954051075874,0.1256932413845388,0.8738293734580843
432,0.9999914202844834,7.934651228033041e-06,6.449794890894488e-07,8.479937046694818e-11,1.6170756580486182e-20
194,1.3811725243591586e-11,1.5805450579053054e-05,0.007403564458143898,0.38761398196053143,0.604966648116934
758,2.0086250186938495e-10,0.00018953378964260605,0.007022906398769243,0.7122243785087923,0.2805631811019334
2502,0.39653592358731327,0.594758849788109,0.008691748862330803,1.347775940098129e-05,2.845906014086785e-12
1782,0.5437550833479564,0.45077912908189216,0.005461359979097478,4.427150294794333e-06,4.40759254557794e-10
2390,0.9356758775082479,0.06400342728408753,0.0003190577095190715,1.6374973710267238e-06,7.742798438260012e-13
559,2.6729747264687668e-06,8.995366076922267e-05,0.008241773081202185,0.8961923218011544,0.09547327848214764
2818,1.7219340801662522e-10,6.851061146112638e-05,0.0005581580246076712,0.09504400171885319,0.9043293294728846
437,0.23886962935022282,0.7422445395774878,0.0188628430626275,2.2987265156442744e-05,7.445054820539309e-10
2592,0.38675257153150666,0.13006731052929685,0.019453542488406403,0.4637264178587423,1.5759204786187448e-07
2181,0.9999999920419956,7.957939773004057e-09,6.4527950340081e-14,4.626418643404055e-20,1.0527560743054422e-35
326,2.9191722157833705e-13,6.685807435484551e-09,2.410459708016227e-05,0.03585483291162893,0.9641210558051916
1226,0.0042842583326370915,0.03055020959502433,0.7946041703703646,0.17051627412531808,4.50875766560611e-05
2064,1.7783673374295792e-05,0.01116930968812509,0.07556430178009167,0.8956978201408593,0.0175507847175496
2764,2.101949610432124e-05,0.20298642381441026,0.6435790469063036,0.15252467507318118,0.0008888347100005874
1036,1.3671860464746264e-09,2.4729678920821414e-05,0.004280681954960066,0.7433480115802631,0.25234657541866995
64,0.0003689401147393142,0.1548803397731116,0.8299850809032907,0.014764900670066337,7.385387920034228e-07
445,0.09089962364781976,0.8621260241197837,0.04687857831525034,9.577383893870027e-05,7.820740644854131e-11
197,1.8181698434541645e-10,0.0005889483608882728,0.0424968155966116,0.8381239520812479,0.11879028377943515
642,1.1389569049492243e-09,0.000734340588016618,0.10525485207952334,0.7428833389913577,0.15112746720214543
1991,8.468584116074467e-08,2.6871782978921326e-06,0.00010534355014676729,0.6105198534491635,0.3893720311365507
823,0.018974381906291908,0.8521697625951256,0.1282283752111605,0.0006274068321586819,7.3455263298863e-08
1634,0.03466558167369603,0.5874973165803674,0.37335706354486464,0.004403188814611244,7.684938646041462e-05
1156,3.11328571888531e-06,0.14395904854240874,0.4241604295791648,0.42696572770889907,0.004911680883808488
141,1.0541760972197248e-05,0.12576109180643255,0.43410063521024217,0.43725981785162377,0.0028679133707291945
1696,0.6484737320267839,0.3495644153523823,0.0019587099577088795,3.1426523534057778e-06,1.0771526783424547e-11
2811,0.0016445970553349972,0.34780329328470216,0.6283812666661022,0.02216947675008209,1.366243778705023e-06
2804,0.15244790587817217,0.8304432267927586,0.01706698047350699,4.1886726471009744e-05,1.2909096110552252e-10
2544,0.00011467061611876656,0.0011769530383888536,0.9338137989955415,0.064784474105661,0.00011010324428968047
2347,0.004442591109227444,0.7189614042141055,0.2746987663197255,0.0018971652782656281,7.307867588642596e-08
1012,0.9879764368606994,0.011935601991301649,8.771055616948556e-05,2.5059056848542025e-07,1.2610529903304855e-12
132,1.2918191167767645e-06,0.01873141361176417,0.8793697772251823,0.10182172743969485,7.578990424198884e-05
922,1.4632936834230604e-08,9.191787198241513e-05,0.06521881380228448,0.6956905004588503,0.238998753233946
16,0.0061995316788509185,0.9166513735416201,0.07311308487823194,0.004035390195528816,6.19705768247362e-07
1574,0.49600262869482453,0.5026936549823294,0.0013035994070733153,1.1691398949759855e-07,1.7832962655088676e-12
1044,5.6196507050267814e-15,3.547890639579507e-09,0.00011504199872169177,0.013017700164739372,0.9868672542886426
1288,0.0007625164804029552,0.7630788795386718,0.22410180435285856,0.012056171733689646,6.278943770803655e-07
2487,5.596419672228644e-10,0.0060646557631922815,0.029132229694493802,0.6058966333497008,0.35890648063297115
1568,4.357904361888287e-11,3.33795555938631e-05,0.0012934970343954398,0.2079605770948208,0.7907125462716109
